  2.32251     48.8251
  2.34448     48.8205
   2.3555      48.821
  2.36415     48.8205
  2.37507      48.824
  2.40114     48.8335
  2.40567     48.8354
   2.4097     48.8408
  2.41246      48.849
  2.41072      48.861
  2.40992     48.8686
  2.40887     48.8759
  2.40041     48.8825
  2.39784     48.8863
  2.39494      48.896
  2.39226     48.8981
  2.38823     48.8989
  2.35388     48.8992
  2.33552     48.8986
   2.3267     48.8985
  2.30091     48.8889
  2.29735     48.8885
  2.28976     48.8846
  2.28248     48.8788
  2.27124     48.8657
  2.26171     48.8515
  2.26031     48.8454
  2.26559     48.8421
  2.28977     48.8334
  2.32251     48.8251
