@75
2.31657   48.8222
2.30358   48.8242
2.29149   48.828
2.28454   48.8297
2.2779    48.8289
2.27276   48.8283
2.26672   48.8307
2.26249   48.8343
2.25856   48.8343
2.25403   48.8385
2.25071   48.8437
2.24708   48.8466
2.23892   48.8492
2.23077   48.8522
2.22472   48.854
2.22593   48.8604
2.22895   48.8655
2.23288   48.8691
2.2356    48.8711
2.24255   48.8741
2.24829   48.8765
2.25584   48.8753
2.26007   48.8786
2.26612   48.8796
2.27306   48.8788
2.27941   48.8782
2.28122   48.8814
2.28243   48.8846
2.28908   48.8872
2.293     48.889
2.29844   48.8918
2.30569   48.8942
2.31204   48.8965
2.31717   48.8987
2.31959   48.9007
2.32654   48.9013
2.33349   48.9013
2.34316   48.9009
2.34739   48.9011
2.35373   48.9011
2.3637    48.9009
2.37216   48.9009
2.37971   48.9011
2.38636   48.9009
2.39089   48.9001
2.39452   48.8951
2.39814   48.8912
2.39905   48.8866
2.40086   48.8824
2.4069    48.8806
2.41023   48.8773
2.41174   48.8719
2.41325   48.8673
2.41416   48.8612
2.41385   48.856
2.41506   48.8514
2.41657   48.847
2.41688   48.8427
2.41718   48.8381
2.42231   48.8409
2.42775   48.8411
2.43289   48.8415
2.43893   48.8427
2.44225   48.8458
2.45071   48.8441
2.45796   48.8431
2.4631    48.8415
2.46793   48.8379
2.46672   48.8333
2.46552   48.8289
2.46431   48.824
2.4637    48.8196
2.45857   48.817
2.45011   48.8176
2.43953   48.82
2.4341    48.8212
2.42654   48.8234
2.41808   48.8246
2.41325   48.827
2.40842   48.828
2.40237   48.8285
2.39656   48.8273
2.39059   48.8258
2.38463   48.8236
2.37933   48.8208
2.3727    48.819
2.36707   48.8166
2.36011   48.8151
2.35514   48.8155
2.35216   48.8182
2.34851   48.8168
2.34321   48.816
2.33725   48.8162
2.33228   48.8173
2.32698   48.8195
2.32201   48.8205
@92
2.27835   48.9486
2.26827   48.9461
2.26199   48.9432
2.24824   48.9371
2.24156   48.9332
2.232     48.9285
2.22139   48.9211
2.21747   48.9181
2.20088   48.9089
2.1912    48.9052
2.18079   48.9014
2.17337   48.8988
2.16933   48.896
2.16239   48.8865
2.15049   48.8712
2.15293   48.8691
2.15432   48.8647
2.15058   48.8584
2.15754   48.8512
2.15928   48.8478
2.15005   48.8467
2.14583   48.8404
2.14576   48.8367
2.1508    48.8225
2.15038   48.8189
2.16117   48.8129
2.17229   48.8153
2.17712   48.8141
2.18514   48.8004
2.18291   48.7972
2.20246   48.7986
2.20962   48.7931
2.20912   48.7867
2.22403   48.7844
2.22874   48.7748
2.23314   48.7692
2.23235   48.7659
2.2551    48.7606
2.26481   48.7611
2.2717    48.7574
2.27591   48.7564
2.28254   48.7453
2.27577   48.7407
2.27921   48.7344
2.30206   48.7388
2.30446   48.7296
2.31615   48.7338
2.32075   48.7492
2.31208   48.7518
2.31152   48.758
2.31703   48.7671
2.3201    48.771
2.32572   48.7818
2.32241   48.7872
2.3182    48.7879
2.32471   48.8042
2.31947   48.8102
2.32284   48.8097
2.33199   48.8169
2.32788   48.8192
2.31644   48.8216
2.30126   48.8253
2.28667   48.8291
2.28354   48.8296
2.27215   48.8284
2.26294   48.8342
2.25752   48.8346
2.24774   48.8466
2.22409   48.8532
2.22604   48.8594
2.23298   48.8699
2.23812   48.8715
2.24551   48.8763
2.25503   48.8746
2.26      48.88
2.27974   48.8786
2.28379   48.8858
2.29994   48.8922
2.31154   48.897
2.32027   48.9009
2.31654   48.9104
2.31372   48.9141
2.32103   48.9164
2.32208   48.9187
2.32543   48.9204
2.33114   48.926
2.33588   48.9315
2.33479   48.9414
2.32645   48.9442
2.31605   48.9474
2.30133   48.9495
2.29277   48.9505
2.28904   48.9509
@94
2.3203    48.749
2.32804   48.7501
2.34058   48.7407
2.3504    48.7406
2.35491   48.7385
2.365     48.7456
2.36972   48.746
2.37101   48.7196
2.38578   48.7201
2.41139   48.726
2.41436   48.7207
2.41439   48.7179
2.43926   48.7252
2.44662   48.7161
2.4522    48.7153
2.4502    48.7217
2.46952   48.7271
2.47799   48.7279
2.50578   48.7356
2.50967   48.7345
2.51554   48.7284
2.51809   48.7145
2.51981   48.7121
2.52955   48.7063
2.52763   48.7049
2.53118   48.6996
2.54427   48.6985
2.54826   48.6925
2.54913   48.6891
2.57156   48.692
2.57208   48.6949
2.57625   48.6962
2.57421   48.7011
2.57129   48.7032
2.56786   48.7085
2.57434   48.7153
2.58082   48.7232
2.58925   48.7286
2.59444   48.7317
2.59405   48.7352
2.58779   48.7445
2.59986   48.7508
2.59749   48.7605
2.61481   48.7612
2.60648   48.7736
2.58731   48.7747
2.58872   48.7808
2.59485   48.788
2.59857   48.793
2.59636   48.7967
2.59162   48.7972
2.59641   48.8062
2.59191   48.8073
2.57037   48.8148
2.56852   48.8186
2.56786   48.8247
2.55409   48.831
2.53886   48.8385
2.53468   48.8444
2.5264    48.8465
2.51801   48.8486
2.51567   48.8513
2.51374   48.85
2.50402   48.8572
2.50009   48.8556
2.49677   48.8602
2.48194   48.8611
2.45468   48.8554
2.44695   48.8513
2.44244   48.8525
2.41625   48.8495
2.41641   48.8347
2.423     48.8425
2.42751   48.8416
2.43722   48.841
2.44313   48.8453
2.46453   48.8416
2.46957   48.8362
2.46514   48.8299
2.4659    48.8269
2.46113   48.8182
2.45666   48.8169
2.43829   48.8207
2.41957   48.8239
2.40337   48.8291
2.39465   48.8272
2.38256   48.823
2.37061   48.8182
2.36396   48.8159
2.35802   48.8155
2.3524    48.8183
2.34406   48.816
2.33228   48.8168
2.32363   48.8099
2.31939   48.8098
2.32517   48.804
2.3187    48.7881
2.32235   48.7869
2.3257    48.7817
2.3225    48.7758
2.3199    48.7708
2.31595   48.7664
2.31146   48.7581
2.31178   48.7518
@93
2.41666   48.8491
2.42866   48.8509
2.44234   48.8522
2.44728   48.851
2.4548    48.8555
2.46739   48.8582
2.4813    48.8615
2.4967    48.86
2.50011   48.8559
2.50346   48.8571
2.50841   48.8543
2.51338   48.8505
2.51553   48.8515
2.51832   48.8489
2.5347    48.844
2.5388    48.8389
2.54641   48.835
2.55382   48.8315
2.56179   48.8276
2.568     48.8246
2.56803   48.8208
2.56847   48.8185
2.57012   48.8152
2.57541   48.8133
2.58084   48.8113
2.58607   48.8096
2.59245   48.8075
2.59588   48.8144
2.59531   48.8175
2.59116   48.8266
2.58665   48.8277
2.58618   48.8344
2.57857   48.846
2.57383   48.8533
2.58252   48.8561
2.58692   48.8618
2.58737   48.865
2.56807   48.8661
2.56899   48.8712
2.57055   48.8787
2.55925   48.8854
2.57088   48.8907
2.57944   48.8947
2.58711   48.8985
2.58676   48.9052
2.59275   48.9076
2.58871   48.9095
2.58981   48.9146
2.59121   48.9199
2.59225   48.9251
2.59646   48.926
2.60263   48.9294
2.60266   48.9328
2.59745   48.9383
2.58987   48.9528
2.56656   48.9756
2.57676   48.9804
2.5802    48.9867
2.57591   49.0002
2.57168   49.0014
2.56592   49.0123
2.56128   49.0121
2.55317   49.0098
2.55223   49.0065
2.53273   49.0043
2.52515   48.996
2.51149   48.9808
2.50134   48.9788
2.5004    48.9753
2.49704   48.9747
2.49597   48.9728
2.49091   48.9732
2.4668    48.9636
2.45978   48.9553
2.45568   48.9559
2.44822   48.9551
2.44543   48.9567
2.43533   48.9556
2.4172    48.9593
2.41036   48.9573
2.40766   48.9563
2.40337   48.9576
2.38244   48.9713
2.37351   48.9725
2.36656   48.9741
2.36133   48.9731
2.35408   48.9658
2.3493    48.9672
2.34091   48.9644
2.33331   48.9556
2.32838   48.9596
2.32467   48.958
2.31342   48.9621
2.30522   48.9627
2.29867   48.9666
2.28847   48.959
2.29225   48.9517
2.28907   48.9507
2.29327   48.9506
2.31646   48.9471
2.33492   48.9415
2.33583   48.9316
2.33061   48.9254
2.32854   48.9227
2.32532   48.9205
2.32233   48.9191
2.32063   48.9163
2.31392   48.9139
2.31607   48.9109
2.31981   48.9008
2.33327   48.9013
2.34764   48.9015
2.36538   48.9018
2.38475   48.9012
2.38933   48.9011
2.39796   48.893
2.3991    48.8884
2.40059   48.8837
2.40694   48.881
2.41057   48.8785
2.41346   48.873
2.41376   48.8674
2.41424   48.8627
2.41459   48.8583
2.41591   48.8532
@95
2.17354   48.9527
2.20634   48.9499
2.20645   48.9421
2.2003    48.9349
2.20317   48.9208
2.19958   48.9191
2.20182   48.9145
2.20118   48.9091
2.21382   48.9166
2.22075   48.9201
2.23051   48.927
2.2477    48.9367
2.26851   48.9463
2.29227   48.9518
2.28962   48.9564
2.28838   48.9588
2.29457   48.9643
2.29888   48.9664
2.30458   48.9633
2.31278   48.9626
2.32476   48.9582
2.32872   48.9595
2.3331    48.9555
2.34094   48.9644
2.34957   48.9673
2.35417   48.9659
2.36166   48.9731
2.36623   48.974
2.37384   48.9721
2.38276   48.9713
2.39406   48.9635
2.40304   48.9579
2.40714   48.9565
2.4111    48.9579
2.41783   48.9593
2.43594   48.9555
2.44522   48.9566
2.44843   48.9551
2.45577   48.9557
2.45963   48.9552
2.46677   48.9633
2.47984   48.9686
2.49124   48.9733
2.49618   48.9727
2.49725   48.9748
2.50073   48.9754
2.50173   48.9788
2.51146   48.9807
2.52226   48.9928
2.53091   49.0024
2.53258   49.0043
2.55202   49.0064
2.55295   49.0099
2.55085   49.0126
2.5383    49.0145
2.53529   49.0206
2.53563   49.0238
2.54504   49.0225
2.55918   49.0261
2.56774   49.0331
2.56937   49.0396
2.57963   49.0465
2.59036   49.0473
2.59452   49.0473
2.57319   49.0593
2.57708   49.0637
2.58712   49.0754
2.59071   49.0796
2.58237   49.0805
2.57999   49.0834
2.5769    49.0924
2.55941   49.0976
2.55642   49.1089
2.55411   49.1174
2.54226   49.1188
2.54278   49.122
2.53802   49.121
2.53281   49.1158
2.5312    49.0995
2.52552   49.101
2.48972   49.1064
2.50098   49.1164
2.49935   49.1223
2.47707   49.128
2.47758   49.1312
2.46115   49.1368
2.45876   49.1394
2.43556   49.1339
2.44105   49.1458
2.41053   49.1521
2.39466   49.1499
2.37327   49.1593
2.36991   49.1571
2.35818   49.1483
2.35404   49.1505
2.32193   49.1842
2.31793   49.1854
2.31086   49.1847
2.30704   49.1852
2.30101   49.1838
2.29979   49.1803
2.28893   49.1696
2.28665   49.1598
2.26711   49.1566
2.26274   49.158
2.25942   49.1555
2.24147   49.1516
2.226     49.1516
2.21641   49.1543
2.21993   49.1571
2.23401   49.1657
2.22051   49.1791
2.2155    49.1784
2.20745   49.1752
2.18752   49.1733
2.1831    49.1738
2.17653   49.1765
2.17868   49.174
2.17209   49.1667
2.16394   49.166
2.15785   49.1725
2.16351   49.1778
2.15721   49.1823
2.15301   49.1839
2.14307   49.1854
2.13959   49.1833
2.13034   49.1907
2.11587   49.188
2.09593   49.1901
2.09311   49.1927
2.09022   49.2054
2.081     49.2072
2.08064   49.2103
2.07661   49.2085
2.0703    49.2033
2.05084   49.1988
2.03825   49.1924
2.03491   49.1898
2.02193   49.1887
1.99957   49.1757
1.99005   49.1768
1.97414   49.1832
1.96289   49.1746
1.9585    49.1729
1.93745   49.1708
1.93407   49.1733
1.88297   49.1626
1.88216   49.1662
1.87762   49.1752
1.87067   49.1723
1.84913   49.1703
1.83894   49.1663
1.83449   49.1653
1.8364    49.1715
1.8312    49.1768
1.81707   49.176
1.79751   49.1851
1.79478   49.1832
1.79399   49.1804
1.77671   49.1851
1.7741    49.1828
1.75578   49.1752
1.742     49.1798
1.74301   49.1831
1.73891   49.1923
1.72616   49.1942
1.72584   49.1974
1.71531   49.2028
1.7151    49.2064
1.73406   49.2126
1.73601   49.2221
1.7407    49.2235
1.71081   49.2374
1.70464   49.2327
1.70315   49.2291
1.69148   49.2216
1.67598   49.2123
1.67348   49.2059
1.67611   49.2027
1.6715    49.1934
1.67075   49.1898
1.67146   49.181
1.66834   49.1788
1.66631   49.1755
1.66919   49.1693
1.66165   49.1569
1.66414   49.154
1.6622    49.152
1.65334   49.1419
1.65605   49.1305
1.65301   49.1289
1.64828   49.125
1.64582   49.1218
1.63695   49.1134
1.62714   49.1054
1.6234    49.1008
1.62018   49.0969
1.61933   49.0879
1.62294   49.0861
1.61895   49.084
1.60885   49.0779
1.61119   49.0742
1.61428   49.0716
1.6194    49.0741
1.642     49.0809
1.64688   49.0814
1.67078   49.0789
1.68316   49.0739
1.69098   49.0703
1.69702   49.0653
1.6938    49.0566
1.7081    49.0516
1.71984   49.0475
1.72334   49.0451
1.73196   49.0505
1.73586   49.0487
1.74377   49.0482
1.75113   49.0482
1.75553   49.0611
1.7597    49.0632
1.77063   49.0578
1.78428   49.0572
1.79427   49.0583
1.798     49.0692
1.79654   49.0721
1.81521   49.0764
1.82335   49.0768
1.83668   49.0716
1.84065   49.0694
1.84136   49.0649
1.86115   49.0592
1.86542   49.0573
1.8599    49.0476
1.85455   49.0386
1.85153   49.0333
1.85939   49.0298
1.86255   49.0201
1.85929   49.014
1.86167   49.0142
1.87748   49.0191
1.88187   49.0196
1.88349   49.0326
1.90849   49.048
1.91108   49.0469
1.91405   49.0458
1.91251   49.0417
1.92587   49.0315
1.93539   49.0244
1.93783   49.0218
1.94551   49.0251
1.95504   49.0245
1.95712   49.0218
1.96597   49.0241
1.97788   49.0191
1.99204   49.021
2.00956   49.0066
2.02359   48.9977
2.02618   49.0009
2.04701   49.0016
2.06401   49.0083
2.06826   49.0062
2.07172   49.0018
2.08632   49.0145
2.10569   49.0094
2.12097   49.0184
2.12668   49.0088
2.122     48.9985
2.12368   48.9919
2.12752   48.989
2.16159   48.9833
2.16632   48.9814
2.17787   48.9672
2.17817   48.9598
2.17529   48.9551
2.1734    48.9533
@78
1.83281   48.4671
1.84028   48.4568
1.84727   48.4468
1.8566    48.4462
1.87451   48.44
1.87893   48.4407
1.88435   48.4399
1.9038    48.4403
1.91035   48.446
1.91941   48.4479
1.92227   48.4578
1.91665   48.4635
1.91708   48.4735
1.92848   48.4801
1.93227   48.4814
1.93441   48.4959
1.9513    48.5195
1.95303   48.5231
1.96459   48.5279
1.96729   48.5256
1.97742   48.5276
1.97634   48.5342
1.96244   48.5348
1.94745   48.5424
1.93355   48.5484
1.93752   48.5621
1.95793   48.5594
1.96257   48.5606
1.9807    48.5551
1.98321   48.557
2.01077   48.5569
2.01776   48.5574
2.01693   48.5679
2.03269   48.5872
2.03624   48.5902
2.03211   48.5958
2.03597   48.605
2.04992   48.6079
2.05628   48.6082
2.05761   48.6173
2.04346   48.6249
2.03504   48.6321
2.03487   48.6414
2.02015   48.6423
2.01628   48.6446
2.01143   48.6539
2.01323   48.6599
2.02198   48.6581
2.02841   48.6608
2.02878   48.6637
2.0374    48.68
2.04239   48.6804
2.05066   48.6872
2.05545   48.6867
2.06277   48.6874
2.06608   48.6868
2.06955   48.6887
2.07756   48.6865
2.08173   48.6854
2.08959   48.6978
2.09334   48.696
2.09773   48.694
2.09741   48.7006
2.11056   48.7143
2.10806   48.7176
2.11061   48.7241
2.10073   48.736
2.1041    48.738
2.12256   48.7411
2.13006   48.7375
2.13528   48.7373
2.13891   48.743
2.13927   48.7468
2.15144   48.7528
2.16187   48.7526
2.17541   48.7577
2.18936   48.7535
2.19182   48.7669
2.18699   48.7726
2.19062   48.775
2.20117   48.7748
2.20714   48.7704
2.22729   48.7717
2.22898   48.7748
2.22643   48.7816
2.22399   48.7844
2.20905   48.7868
2.20943   48.7934
2.20259   48.7983
2.18312   48.7972
2.18515   48.8001
2.17668   48.814
2.17255   48.8152
2.16141   48.8128
2.15049   48.8191
2.15081   48.8224
2.14757   48.8315
2.14594   48.8367
2.14594   48.8403
2.14973   48.8465
2.15973   48.8474
2.15744   48.8507
2.15065   48.8584
2.15386   48.8644
2.15325   48.8691
2.15044   48.8712
2.15531   48.877
2.15969   48.883
2.16935   48.8959
2.17416   48.899
2.18748   48.9037
2.19655   48.9069
2.201     48.9088
2.20184   48.9137
2.19946   48.9191
2.20268   48.9211
2.19905   48.9353
2.20248   48.9376
2.2066    48.9412
2.20577   48.9499
2.17303   48.9535
2.17577   48.9555
2.17762   48.9599
2.17836   48.9671
2.16638   48.9818
2.16208   48.983
2.12735   48.9889
2.12378   48.9917
2.12205   48.9989
2.1267    49.0085
2.1214    49.0185
2.10594   49.0095
2.08586   49.0144
2.08377   49.0115
2.07164   49.0019
2.06792   49.0064
2.06479   49.0081
2.04665   49.0018
2.02646   49.0007
2.02363   48.9979
2.01043   49.0058
2.00804   49.0082
2.00403   49.0106
1.9919    49.0211
1.97803   49.0193
1.96607   49.024
1.95702   49.0218
1.95477   49.0247
1.94567   49.0252
1.93776   49.0219
1.93519   49.0247
1.91254   49.0415
1.9141    49.0459
1.91092   49.0469
1.90844   49.048
1.88325   49.0326
1.88192   49.0196
1.87733   49.0192
1.86188   49.0141
1.8591    49.014
1.86239   49.0202
1.85913   49.0298
1.8514    49.0333
1.86564   49.0574
1.86138   49.0591
1.84145   49.0647
1.84032   49.0695
1.82362   49.0767
1.81506   49.0763
1.79679   49.0722
1.79782   49.0692
1.79422   49.0583
1.78429   49.0574
1.7709    49.0576
1.75964   49.0631
1.75509   49.061
1.75154   49.0484
1.73612   49.0487
1.73212   49.0503
1.72357   49.0453
1.71923   49.0477
1.69407   49.0567
1.69717   49.0655
1.69158   49.0707
1.67134   49.0789
1.64675   49.0814
1.64195   49.081
1.6206    49.0741
1.61447   49.0712
1.60938   49.0772
1.60532   49.0811
1.59913   49.084
1.57234   49.077
1.56931   49.0741
1.56106   49.0706
1.54139   49.073
1.5215    49.0683
1.51625   49.0799
1.51055   49.0844
1.5133    49.0779
1.50303   49.0592
1.49846   49.0587
1.48684   49.0517
1.47661   49.0537
1.46182   49.0633
1.44745   49.0535
1.45111   49.0512
1.4483    49.0448
1.45689   49.0365
1.45773   49.0263
1.46677   49.021
1.46986   49.0195
1.47176   49.0186
1.47696   49.0147
1.47416   49.0097
1.47811   49.0083
1.48037   49.0057
1.47999   49.0023
1.47113   48.991
1.46173   48.9889
1.47085   48.9749
1.4781    48.9793
1.49381   48.9794
1.50785   48.9837
1.51364   48.9784
1.51824   48.9784
1.51477   48.9761
1.49502   48.9663
1.50073   48.9534
1.51104   48.9536
1.50162   48.9411
1.51151   48.9334
1.51033   48.9242
1.51381   48.9219
1.52254   48.9248
1.53827   48.9217
1.54054   48.9187
1.54164   48.9158
1.54434   48.9109
1.53885   48.9066
1.5587    48.8914
1.56374   48.8905
1.56081   48.8846
1.54648   48.8724
1.55466   48.866
1.55902   48.8644
1.56001   48.867
1.5689    48.8659
1.58272   48.8575
1.57732   48.8444
1.58203   48.8443
1.58664   48.8433
1.59472   48.8392
1.59444   48.8357
1.58195   48.8298
1.59038   48.8173
1.58278   48.8109
1.57945   48.8089
1.57669   48.7851
1.5876    48.7736
1.58294   48.7676
1.58487   48.7633
1.60517   48.7606
1.62492   48.7491
1.6228    48.7404
1.62025   48.736
1.61514   48.7353
1.60992   48.7307
1.6063    48.7275
1.59898   48.7208
1.59005   48.7129
1.59485   48.7093
1.58071   48.7014
1.58407   48.699
1.58226   48.6961
1.6067    48.6892
1.61116   48.6885
1.6088    48.6821
1.60607   48.6789
1.60167   48.6665
1.60293   48.6631
1.62283   48.6503
1.64312   48.6513
1.64089   48.645
1.64703   48.6397
1.65156   48.6381
1.64953   48.6324
1.65683   48.6281
1.65751   48.6215
1.66628   48.6137
1.68158   48.619
1.69021   48.617
1.68534   48.6133
1.68778   48.6111
1.69118   48.6132
1.71461   48.6131
1.71783   48.6073
1.70201   48.585
1.70625   48.5831
1.70921   48.578
1.72705   48.5728
1.74465   48.5741
1.74842   48.576
1.75144   48.575
1.76154   48.5717
1.76495   48.5622
1.77613   48.5558
1.77832   48.5526
1.7872    48.5536
1.78346   48.5447
1.7792    48.5344
1.77625   48.5267
1.77673   48.5128
1.78418   48.5022
1.78944   48.4945
1.78681   48.4916
1.79614   48.4842
1.79334   48.4817
1.803     48.4667
1.80831   48.4658
@91
2.57106   48.692
2.58001   48.6898
2.58455   48.6802
2.58415   48.6771
2.57947   48.6771
2.56445   48.6696
2.55699   48.6725
2.54722   48.6717
2.53332   48.6573
2.54783   48.65
2.54012   48.6336
2.51997   48.6313
2.5168    48.6296
2.52515   48.6213
2.52563   48.6149
2.53967   48.6118
2.54246   48.6087
2.54192   48.5975
2.53983   48.5935
2.51808   48.583
2.52195   48.5764
2.52241   48.5733
2.53046   48.5736
2.52012   48.5683
2.51785   48.5612
2.49979   48.5427
2.50934   48.5423
2.49834   48.5176
2.50705   48.5151
2.50943   48.5099
2.51367   48.5093
2.51231   48.4962
2.50918   48.4909
2.5109    48.4887
2.50268   48.4843
2.50607   48.4612
2.49969   48.4592
2.49876   48.4573
2.50099   48.4563
2.50591   48.4507
2.50445   48.4482
2.50522   48.4455
2.50515   48.43
2.51702   48.4275
2.54685   48.4014
2.52188   48.404
2.50643   48.395
2.48644   48.3969
2.47424   48.3904
2.48225   48.3824
2.45001   48.3737
2.45071   48.3671
2.44108   48.3684
2.43331   48.3642
2.43005   48.3625
2.43262   48.3597
2.44142   48.357
2.43053   48.3475
2.43437   48.3346
2.42949   48.3366
2.41007   48.3361
2.40124   48.333
2.39244   48.336
2.39397   48.3319
2.39562   48.326
2.40223   48.3205
2.39813   48.3191
2.39449   48.3139
2.37029   48.3087
2.35602   48.3104
2.34072   48.3188
2.32957   48.3328
2.32611   48.3307
2.3167    48.3315
2.3124    48.33
2.3005    48.3114
2.29684   48.3092
2.26933   48.3152
2.26556   48.3127
2.25507   48.3013
2.24498   48.2983
2.24503   48.3023
2.24822   48.3155
2.23818   48.3161
2.24611   48.33
2.23123   48.3298
2.21434   48.3368
2.20757   48.345
2.18287   48.3238
2.18145   48.3135
2.17776   48.313
2.17087   48.3149
2.16721   48.3132
2.15262   48.3148
2.15377   48.3089
2.1552    48.3053
2.16212   48.3015
2.16143   48.2983
2.14137   48.2992
2.11071   48.2971
2.1136    48.3073
2.10863   48.3075
2.09929   48.3046
2.08765   48.2946
2.05293   48.2955
2.05165   48.2901
2.0436    48.286
2.02921   48.2887
2.00913   48.2853
1.97902   48.2879
1.97563   48.294
1.96619   48.2967
1.96174   48.3028
1.95941   48.3088
1.97735   48.314
1.97538   48.3232
1.98235   48.3284
1.97073   48.3399
1.97567   48.3569
1.98737   48.3637
1.98373   48.3665
1.97704   48.3788
1.96676   48.3806
1.97707   48.399
1.97502   48.4015
1.95771   48.4052
1.93057   48.4038
1.92967   48.4119
1.92606   48.4127
1.93887   48.4221
1.93712   48.4354
1.94272   48.441
1.93869   48.4415
1.93279   48.4455
1.9304    48.4537
1.92835   48.456
1.92228   48.4575
1.91634   48.4633
1.91666   48.4738
1.92806   48.4803
1.93291   48.4813
1.93431   48.4961
1.95077   48.5198
1.95303   48.5235
1.96428   48.528
1.96771   48.5259
1.97742   48.5278
1.97624   48.534
1.96234   48.535
1.93419   48.5487
1.93773   48.5622
1.9574    48.5598
1.96258   48.5606
1.97945   48.5541
1.98311   48.5568
2.01278   48.5565
2.01795   48.5576
2.01692   48.5675
2.03298   48.5875
2.03591   48.5899
2.03252   48.5954
2.03531   48.6049
2.04958   48.6079
2.05489   48.608
2.05747   48.6176
2.04375   48.6253
2.03609   48.6322
2.03538   48.6416
2.02018   48.6422
2.01642   48.6445
2.01137   48.6536
2.0136    48.6594
2.02212   48.6582
2.02919   48.6605
2.02924   48.6637
2.03807   48.6804
2.04242   48.6804
2.05037   48.6873
2.05569   48.6869
2.06249   48.687
2.06611   48.6869
2.07001   48.6888
2.07717   48.6865
2.08208   48.6854
2.08952   48.6977
2.09338   48.6956
2.09797   48.6941
2.09733   48.7008
2.11039   48.7144
2.10778   48.7177
2.11065   48.7239
2.10055   48.736
2.10435   48.7377
2.12312   48.7412
2.12999   48.7379
2.13489   48.7371
2.13884   48.743
2.13899   48.7464
2.15145   48.7525
2.16176   48.7529
2.17521   48.7576
2.1892    48.7538
2.19209   48.7667
2.18731   48.7727
2.19036   48.7752
2.20122   48.775
2.20694   48.7702
2.22714   48.7718
2.22912   48.7746
2.23282   48.769
2.23233   48.7662
2.25487   48.7605
2.26444   48.7609
2.27142   48.7572
2.27578   48.7568
2.28265   48.7451
2.27601   48.7406
2.27896   48.7346
2.30231   48.739
2.30291   48.7334
2.30445   48.7296
2.31653   48.7335
2.32069   48.749
2.32801   48.7503
2.3409    48.741
2.35058   48.7405
2.35444   48.7387
2.36478   48.7453
2.36966   48.7461
2.37104   48.7205
2.38636   48.72
2.41096   48.7259
2.41442   48.7208
2.41435   48.7177
2.43045   48.7235
2.43555   48.7242
2.43926   48.7251
2.44681   48.7155
2.45095   48.7156
2.45025   48.7218
2.46817   48.7273
2.47422   48.7278
2.48007   48.7279
2.50553   48.7348
2.5099    48.7347
2.51537   48.7292
2.51804   48.7163
2.51999   48.7126
2.52876   48.7065
2.52793   48.7044
2.53127   48.6997
2.54425   48.6982
2.54791   48.6927
2.54933   48.6893
2.56058   48.691
2.56663   48.6917
@77
2.58001   48.6898
2.58455   48.6802
2.58415   48.6771
2.57947   48.6771
2.56445   48.6696
2.55699   48.6725
2.54722   48.6717
2.53332   48.6573
2.54783   48.65
2.54012   48.6336
2.51997   48.6313
2.5168    48.6296
2.52515   48.6213
2.52563   48.6149
2.53967   48.6118
2.54246   48.6087
2.54192   48.5975
2.53983   48.5935
2.51808   48.583
2.52195   48.5764
2.52241   48.5733
2.53046   48.5736
2.52012   48.5683
2.51785   48.5612
2.49979   48.5427
2.50934   48.5423
2.49834   48.5176
2.50705   48.5151
2.50943   48.5099
2.51367   48.5093
2.51231   48.4962
2.50918   48.4909
2.5109    48.4887
2.50268   48.4843
2.50607   48.4612
2.49969   48.4592
2.49876   48.4573
2.50099   48.4563
2.50591   48.4507
2.50445   48.4482
2.50522   48.4455
2.50515   48.43
2.51702   48.4275
2.54685   48.4014
2.52188   48.404
2.50643   48.395
2.48644   48.3969
2.47424   48.3904
2.48225   48.3824
2.45001   48.3737
2.45071   48.3671
2.44108   48.3684
2.43331   48.3642
2.43005   48.3625
2.43262   48.3597
2.44142   48.357
2.43053   48.3475
2.43437   48.3346
2.42949   48.3366
2.41007   48.3361
2.40124   48.333
2.39244   48.336
2.39397   48.3319
2.39562   48.326
2.40223   48.3205
2.41011   48.3115
2.42122   48.2991
2.41948   48.2846
2.41929   48.2727
2.42139   48.2645
2.43606   48.2551
2.43991   48.2535
2.44459   48.2546
2.45178   48.2503
2.4654    48.2532
2.46907   48.2553
2.47697   48.2507
2.48038   48.2416
2.48415   48.239
2.50612   48.2386
2.50752   48.2292
2.51529   48.227
2.51409   48.2146
2.51746   48.2144
2.51994   48.2014
2.52318   48.1988
2.52027   48.194
2.51539   48.1928
2.50892   48.1809
2.51506   48.165
2.50589   48.1565
2.50155   48.1584
2.48309   48.1643
2.47925   48.1582
2.47182   48.1546
2.47374   48.1518
2.46146   48.1383
2.44418   48.1315
2.44278   48.1253
2.45583   48.1234
2.45897   48.1254
2.47744   48.129
2.51521   48.1262
2.52226   48.1255
2.52202   48.1287
2.53727   48.1405
2.5705    48.1409
2.57773   48.132
2.59845   48.1316
2.63594   48.1386
2.63972   48.1389
2.65874   48.1253
2.66244   48.1229
2.66497   48.1206
2.66729   48.1207
2.67546   48.1252
2.70658   48.1249
2.72261   48.1373
2.74971   48.1446
2.75485   48.1457
2.75451   48.152
2.73825   48.1635
2.73676   48.1662
2.75467   48.1615
2.77664   48.166
2.78022   48.1672
2.7898    48.1653
2.79873   48.1681
2.81074   48.164
2.81065   48.1607
2.80068   48.1534
2.79789   48.1404
2.80245   48.1314
2.81633   48.1306
2.82128   48.1298
2.82316   48.1328
2.8384    48.1361
2.86528   48.1531
2.86695   48.156
2.93606   48.1634
2.93436   48.1761
2.93488   48.179
2.95192   48.1907
2.95519   48.1925
2.97087   48.1942
2.97171   48.2035
2.98908   48.209
2.99698   48.2064
3.00614   48.2095
3.01288   48.2226
3.0327    48.2488
3.04778   48.2498
3.04368   48.2719
3.02924   48.2742
3.02471   48.2757
3.02735   48.2822
3.02999   48.2855
3.02608   48.2884
3.02039   48.2967
3.02757   48.3007
3.01734   48.3044
3.01554   48.3074
3.04183   48.3322
3.03677   48.338
3.03857   48.3447
3.04883   48.3601
3.06192   48.3575
3.06625   48.358
3.08083   48.3609
3.10109   48.3547
3.09908   48.3517
3.10372   48.3497
3.11844   48.3669
3.12267   48.3685
3.13609   48.3711
3.13979   48.3725
3.14516   48.3672
3.17012   48.3747
3.17171   48.3775
3.18363   48.3719
3.1851    48.3685
3.19344   48.3695
3.19976   48.3647
3.20399   48.3641
3.22175   48.37
3.2263    48.3702
3.24678   48.3676
3.2511    48.3652
3.25946   48.3685
3.26753   48.3772
3.27213   48.3785
3.28185   48.3784
3.28314   48.3813
3.30612   48.3732
3.31035   48.3732
3.31174   48.3762
3.33052   48.372
3.3358    48.3732
3.34626   48.3733
3.35158   48.3788
3.35633   48.3784
3.35663   48.3752
3.36126   48.3725
3.36646   48.3915
3.3742    48.3954
3.37581   48.3987
3.3848    48.3987
3.40017   48.3911
3.41485   48.3904
3.42137   48.4124
3.41664   48.4159
3.40268   48.4153
3.41158   48.4182
3.4115    48.4216
3.40697   48.4228
3.39324   48.425
3.3967    48.4351
3.40519   48.4393
3.40583   48.4537
3.39711   48.4614
3.39748   48.4683
3.38432   48.478
3.38772   48.4803
3.40407   48.4865
3.41266   48.4876
3.42444   48.4916
3.43343   48.4905
3.43357   48.494
3.42482   48.5127
3.40545   48.528
3.41461   48.5338
3.44572   48.529
3.45038   48.5286
3.4755    48.5412
3.48133   48.5411
3.48361   48.5472
3.4659    48.5705
3.46879   48.573
3.4804    48.5791
3.48583   48.5807
3.49641   48.5898
3.51488   48.5911
3.50545   48.6031
3.50845   48.6056
3.55685   48.6175
3.5554    48.6208
3.54096   48.6303
3.52146   48.6337
3.52257   48.639
3.53295   48.6465
3.51254   48.644
3.49229   48.6472
3.4767    48.6379
3.45118   48.6344
3.45877   48.6516
3.44316   48.6646
3.44626   48.6668
3.44301   48.6726
3.45649   48.6827
3.47109   48.687
3.47278   48.6976
3.47778   48.6982
3.46468   48.7072
3.46787   48.7196
3.46638   48.7289
3.46754   48.7386
3.44285   48.7381
3.43672   48.7431
3.43699   48.7497
3.43692   48.7535
3.43279   48.7558
3.40925   48.7529
3.39947   48.7553
3.41045   48.7837
3.41481   48.7837
3.42831   48.7807
3.44229   48.7852
3.44264   48.7885
3.44137   48.8015
3.42093   48.8027
3.40744   48.8072
3.41636   48.8178
3.4222    48.8154
3.43474   48.8119
3.44977   48.8122
3.4703    48.8207
3.47476   48.8197
3.47791   48.8142
3.48087   48.8124
3.48366   48.8138
3.48687   48.8152
3.48536   48.8253
3.4912    48.8348
3.48497   48.852
3.47024   48.8503
3.46204   48.8386
3.45865   48.8415
3.44588   48.8431
3.44527   48.8466
3.45281   48.8561
3.44836   48.8594
3.43258   48.8597
3.42284   48.8678
3.409     48.8636
3.39878   48.8664
3.40136   48.869
3.40558   48.8762
3.40046   48.8762
3.38773   48.8713
3.38337   48.8726
3.38208   48.8862
3.36998   48.896
3.37574   48.9094
3.36723   48.929
3.36172   48.9196
3.33016   48.908
3.31688   48.9187
3.31273   48.9215
3.31207   48.9355
3.30467   48.9488
3.30028   48.9465
3.2838    48.9404
3.26969   48.9375
3.26489   48.939
3.25969   48.9453
3.26227   48.949
3.25929   48.9514
3.25487   48.9646
3.24585   48.9759
3.23153   48.9767
3.22973   48.9798
3.22934   48.9885
3.22506   48.9873
3.22315   48.9907
3.20958   48.9939
3.20885   48.9969
3.19915   49.0057
3.17159   49.0125
3.16274   49.02
3.1635    49.0263
3.17647   49.0314
3.18122   49.0442
3.19043   49.047
3.19066   49.0504
3.18062   49.0562
3.18192   49.0621
3.17979   49.0656
3.16816   49.0769
3.15854   49.0804
3.16534   49.0999
3.16063   49.0992
3.14575   49.1018
3.13869   49.1065
3.12401   49.1073
3.12188   49.109
3.11544   49.1071
3.07978   49.1129
3.07196   49.1175
3.05651   49.1019
3.05661   49.0959
3.06475   49.0881
3.06592   49.0855
3.06153   49.0866
3.03423   49.0885
3.03069   49.087
3.01291   49.0907
3.00381   49.0888
2.99942   49.0885
2.98957   49.0817
2.98818   49.0723
2.98368   49.0716
2.97458   49.0751
2.97168   49.089
2.96708   49.0904
2.95487   49.0858
2.94598   49.0879
2.94459   49.0822
2.93775   49.0782
2.9341    49.08
2.92425   49.0781
2.90101   49.0852
2.89545   49.0774
2.8901    49.0785
2.87245   49.0714
2.85618   49.07
2.85371   49.073
2.84489   49.0849
2.84061   49.0843
2.82197   49.0867
2.80929   49.0976
2.79144   49.09
2.78427   49.0887
2.78836   49.0832
2.76865   49.0832
2.78496   49.0752
2.76082   49.063
2.7559    49.0617
2.73536   49.0604
2.73288   49.0633
2.72434   49.0804
2.72072   49.0752
2.70312   49.0649
2.6983    49.0645
2.69015   49.0678
2.69131   49.0705
2.69375   49.0735
2.6789    49.0858
2.67642   49.0891
2.65064   49.1004
2.6409    49.0997
2.63291   49.1085
2.63175   49.1054
2.61951   49.0945
2.61405   49.0941
2.61019   49.0948
2.60872   49.0913
2.59028   49.0795
2.57364   49.0593
2.59492   49.0474
2.57941   49.0463
2.56909   49.0397
2.56765   49.0333
2.55851   49.0256
2.54516   49.0226
2.53532   49.0237
2.53523   49.0209
2.53839   49.0147
2.55092   49.0127
2.5533    49.0097
2.56119   49.0124
2.56622   49.0123
2.57144   49.0018
2.57594   49
2.58032   48.987
2.57642   48.9801
2.56642   48.9756
2.59021   48.9528
2.59357   48.9469
2.59802   48.9381
2.60265   48.933
2.60278   48.9292
2.59608   48.9258
2.59214   48.925
2.58885   48.9095
2.59292   48.9076
2.58675   48.9048
2.58712   48.8985
2.55917   48.8852
2.57074   48.8787
2.56776   48.8658
2.58738   48.8652
2.58677   48.8622
2.58276   48.8563
2.57351   48.8534
2.58613   48.8345
2.58672   48.8279
2.59152   48.8267
2.595     48.8177
2.5961    48.814
2.59284   48.8076
2.59659   48.8059
2.59196   48.7976
2.59623   48.7967
2.59902   48.7937
2.5966    48.7896
2.58836   48.7813
2.58756   48.775
2.6062    48.7734
2.6147    48.761
2.59768   48.7605
2.59946   48.7507
2.58834   48.7442
2.59426   48.7354
2.59455   48.7315
2.58079   48.7232
2.56783   48.709
2.5715    48.7027
2.57427   48.7011
2.57612   48.6963
2.57241   48.6951
2.57148   48.6923
2.57627   48.6907
@10
