75101	1	2.335825	48.861926	1.8096954157496
75102	1	2.341029	48.866938	0.84832102615717
75103	1	2.3592	48.8625	1.0638964344649
75104	1	2.356784	48.85406	1.6580740424545
75105	1	2.351235	48.845432	2.4223789159244
75106	1	2.330608	48.849474	2.1705782913631
75107	1	2.311365	48.855125	3.9261118626151
75108	1	2.311202	48.87321	3.8762668982456
75109	1	2.337646	48.876834	2.4247956761164
75110	1	2.362364	48.875853	2.9181173188158
75111	1	2.381442	48.859968	3.5698871917223
75112	1	2.417044	48.83514	16.295621266795
75113	1	2.366006	48.830276	6.9388909599876
75114	1	2.322641	48.829674	5.8392460727341
75115	1	2.293804	48.84159	8.6253219947244
75116	1	2.262771	48.857033	16.515403355957
75117	1	2.305019	48.887473	5.6246001418509
75118	1	2.348615	48.89257	5.8641343578452
75119	1	2.387622	48.886858	6.611927639274
75120	1	2.396673	48.862474	5.9641051536884
95680	2	2.402814	49.008054	7.049221833495
95607	2	2.218238	49.027302	10.421907048266
95598	2	2.300367	48.988589	3.8400307054882
95582	2	2.250135	48.973645	4.6774398265328
95574	2	2.274587	49.019091	7.8999231251047
95563	2	2.24269	49.020993	5.7102708808222
95555	2	2.285633	48.968026	2.9625858323892
95539	2	2.343346	49.003269	5.8356281891229
95492	2	2.417272	49.035218	4.0537344895741
95491	2	2.233726	49.003069	2.5864590902192
95428	2	2.322139	48.993398	5.5847583883271
95427	2	2.347238	48.967041	2.9955453125674
95426	2	2.288011	49.014854	2.5361586421083
95369	2	2.28902	49.001498	0.58949596711035
95288	2	2.351451	48.985656	2.9260455493978
95277	2	2.45908	48.984594	20.199357774875
95256	2	2.202519	49.050003	3.5590443988375
95252	2	2.223941	48.988325	6.2909234931976
95219	2	2.257426	48.989217	4.2236399837566
95210	2	2.306892	48.970583	1.5420361516648
95205	2	2.386229	49.025859	7.5168705912099
95203	2	2.278247	48.99134	4.4003383735063
95197	2	2.32764	48.970171	3.5693719979871
95176	2	2.200942	48.969857	8.5892664442198
95094	2	2.427946	49.023444	3.1008509512062
95088	2	2.437077	48.967497	4.6577862622693
95063	2	2.215011	48.92508	4.3178204884371
95060	2	2.198296	49.035983	6.0513735571463
95051	2	2.194445	49.013549	3.026765366482
95019	2	2.416483	48.986741	3.0067189272684
95018	2	2.249017	48.949843	17.415634808062
95014	2	2.30155	49.009836	2.7451859651583
94081	2	2.394923	48.789035	11.640325019902
94080	2	2.437578	48.846723	1.9633129271525
94079	2	2.546681	48.828493	4.2191024796187
94076	2	2.358917	48.793659	5.4876759545406
94073	2	2.387143	48.76017	6.3776188650953
94069	2	2.44038	48.818731	1.4808536443976
94068	2	2.491529	48.799595	11.104451269378
94067	2	2.421952	48.842039	0.60950275448227
94065	2	2.350272	48.748939	4.1645937741807
94058	2	2.50425	48.843479	3.818766421869
94054	2	2.385992	48.739904	6.3606048134008
94052	2	2.481231	48.837162	2.9330981733188
94046	2	2.440009	48.801887	5.243763365763
94043	2	2.356038	48.808533	1.5322041632967
94042	2	2.468239	48.819985	2.3665788332942
94041	2	2.386987	48.813238	5.975013404995
94038	2	2.341862	48.775668	3.9276529253757
94037	2	2.342282	48.811971	1.1867121940423
94034	2	2.327638	48.757498	3.3988120209319
94033	2	2.473442	48.850263	5.6160547941637
94028	2	2.451804	48.784661	11.476500511727
94022	2	2.42261	48.764209	5.5576654486348
94021	2	2.350682	48.767803	4.3343543529406
94018	2	2.404951	48.822723	1.8619787074687
94017	2	2.519892	48.817632	11.535456932065
94016	2	2.331838	48.791713	2.7960931371249
94015	2	2.521775	48.839395	3.2544304920032
94011	2	2.493039	48.772485	5.4896029765918
94003	2	2.333387	48.805302	2.3414744299578
94002	2	2.420816	48.79649	3.7622277229172
93079	2	2.343742	48.956833	2.2429457876513
93077	2	2.508274	48.886363	4.0357299449015
93072	2	2.386952	48.958147	5.3693447198653
93071	2	2.532571	48.938363	6.8309316113131
93070	2	2.332697	48.911871	4.3892719661303
93066	2	2.36578	48.926081	12.586841423522
93064	2	2.486982	48.874285	5.9718978149243
93063	2	2.438044	48.88506	3.4013181230248
93062	2	2.519881	48.896297	2.1226717396884
93061	2	2.405002	48.883947	0.5062552145705
93059	2	2.363985	48.960751	3.3737736350829
93055	2	2.408275	48.900569	4.9363420085692
93053	2	2.458984	48.891518	5.2925838276413
93051	2	2.555739	48.832494	12.98323307319
93050	2	2.542023	48.86404	7.2498560294079
93049	2	2.510242	48.864035	3.2618615550461
93048	2	2.448419	48.863938	9.0225545119324
93045	2	2.420164	48.882164	1.4478237202945
93039	2	2.337707	48.934071	1.7517026285501
93031	2	2.317109	48.954473	4.8741091814788
93029	2	2.44428	48.924842	7.6374760664104
93027	2	2.398301	48.933959	7.3959940925119
93014	2	2.542943	48.908308	4.0817314619
93013	2	2.429044	48.937905	1.9981922290956
93010	2	2.484827	48.903409	5.417418561936
93008	2	2.443047	48.907579	6.9405648763377
93007	2	2.457187	48.937523	7.9813235193239
93006	2	2.424397	48.8669	2.376909423876
93005	2	2.491506	48.945043	16.358036708214
93001	2	2.38687	48.912458	5.9241463540025
92078	2	2.323156	48.935326	2.7679944418292
92077	2	2.17497	48.821703	3.5238307846778
92076	2	2.151058	48.835379	3.1471434791963
92075	2	2.286902	48.821173	1.3910914510106
92073	2	2.217591	48.870975	3.8471652188646
92072	2	2.205709	48.822326	4.1753079007224
92071	2	2.296095	48.775903	3.7530513166601
92064	2	2.203184	48.843993	7.3840153473909
92063	2	2.180148	48.871754	14.490776532861
92062	2	2.238687	48.882339	3.117312876592
92060	2	2.259457	48.781955	2.9076633949041
92051	2	2.264904	48.886465	3.7074682410265
92050	2	2.202425	48.897198	12.461918502669
92049	2	2.315813	48.815353	2.0588003791284
92048	2	2.228545	48.802005	10.143003727963
92047	2	2.168511	48.828732	3.3527870044803
92046	2	2.296019	48.817927	2.1814005787539
92044	2	2.287479	48.894658	2.4191643996266
92040	2	2.262924	48.824032	4.2500710063486
92036	2	2.287866	48.93267	11.562979400895
92035	2	2.243434	48.907141	1.6690839687104
92033	2	2.184332	48.846218	2.5255591779116
92032	2	2.287545	48.789159	2.314988188017
92026	2	2.257814	48.896925	3.9960868477021
92025	2	2.246827	48.921475	7.9806798029586
92024	2	2.303591	48.903976	2.8764338559832
92023	2	2.253061	48.795667	8.860557743029
92022	2	2.191313	48.807312	3.4156289408248
92020	2	2.289002	48.802578	3.0317466246854
92019	2	2.260166	48.769425	6.6347708123166
92014	2	2.318169	48.779935	1.4939098292515
92012	2	2.242858	48.837411	5.9856953388109
92009	2	2.268156	48.915285	1.7508599432565
92007	2	2.308667	48.797634	4.3534732353737
92004	2	2.285937	48.91783	5.2378962004722
92002	2	2.298061	48.750604	9.6751362508002
91477	2	2.230245	48.714883	12.003030024775
91377	2	2.269845	48.726195	9.5621928708887
91136	2	2.276956	48.708096	3.4793524948213
78686	2	2.17192	48.801549	3.597481383253
78650	2	2.130838	48.893296	4.6404793518572
78646	2	2.118751	48.804371	25.891902571709
78524	2	2.104788	48.833328	2.563475810038
78502	2	2.110236	48.880509	1.4152835156879
78190	2	2.134734	48.880477	3.449817082681
78158	2	2.130698	48.825726	4.4568749860492
78146	2	2.150248	48.895674	5.0078019259279
77479	2	2.633315	48.870219	5.7193583225836
77468	2	2.647516	48.853457	6.2253270478944
77337	2	2.618937	48.846175	4.6371513542246
77258	2	2.637299	48.832552	3.9649388797526
77146	2	2.656345	48.816718	10.583433692566
77121	2	2.675784	48.825797	3.4055916581536
77083	2	2.59331	48.848343	7.7236000102933
95678	3	2.238361	49.070072	10.062676130117
95658	3	1.928733	49.081608	6.4588770468893
95637	3	2.025072	49.030143	3.849512195416
95628	3	2.184348	49.098028	4.71603493239
95627	3	2.107353	49.132603	7.8151833016937
95625	3	1.955205	49.105225	11.413415275704
95612	3	2.467264	49.003295	3.7868249505167
95611	3	2.068396	49.157042	4.9464732672219
95585	3	2.385995	48.992408	8.9073226401614
95572	3	2.127349	49.044827	13.887810856018
95535	3	1.968238	49.05316	10.834419515786
95527	3	2.519356	49.003446	14.211466997534
95510	3	2.014397	49.06629	3.8248158621873
95500	3	2.099496	49.048155	7.5686326778968
95489	3	2.34283	49.016458	3.9003929873692
95488	3	2.162828	49.019267	8.8828983539346
95476	3	2.061238	49.066072	12.131824816841
95450	3	2.062268	49.017777	4.1129734499817
95445	3	2.276803	49.088337	6.6300658503685
95430	3	2.302445	49.070933	3.800428760099
95424	3	2.193589	48.993467	4.0266583683808
95422	3	2.009312	49.089916	4.8996221909892
95409	3	2.337005	49.044949	1.5474979418003
95395	3	2.394145	49.053991	6.9539328579066
95394	3	2.174924	49.051858	9.8815008937327
95392	3	2.21251	49.076335	5.2988069302809
95388	3	1.973324	49.027365	3.6104605273826
95387	3	2.108556	49.152343	2.8582915872587
95353	3	2.311151	49.085793	6.2642020863402
95348	3	1.929173	49.061987	8.3899136891782
95341	3	2.094489	49.10033	6.6886744382324
95323	3	2.035964	49.011823	7.4591281856373
95313	3	2.234603	49.108676	15.361711303326
95308	3	2.12815	49.10471	8.2470051384002
95306	3	2.155	49.003871	12.770473038855
95303	3	2.002147	49.167036	1.6272905590998
95298	3	2.037602	49.176756	11.171132461588
95287	3	2.049263	49.130709	7.1505541149147
95280	3	2.468394	49.02578	11.448592331214
95271	3	2.061895	49.095507	6.6131771490699
95268	3	2.403675	48.969386	5.176520870879
95241	3	2.447064	49.048154	10.723349558668
95229	3	2.361716	49.038294	5.1665281130298
95218	3	2.102145	49.022786	4.2730435677593
95213	3	2.07068	49.124884	10.168862518493
95211	3	2.108036	49.077389	7.5530583035832
95199	3	2.324536	49.027669	8.7272232059654
95183	3	1.999641	49.042285	5.6714490874119
95181	3	1.996825	49.073441	3.5926170195557
95177	3	2.017432	49.114103	9.2832127657576
95170	3	1.936743	49.036812	6.96576702497
95151	3	2.268939	49.054661	5.2179600560802
95127	3	2.046275	49.037677	14.471632737184
95120	3	2.191015	49.082872	2.5718319706099
95102	3	2.027599	49.147926	11.255029141565
95091	3	2.299662	49.040448	4.6999002066464
95078	3	2.030701	49.081376	5.4792555390397
95074	3	2.002224	49.017919	1.8571652461914
95061	3	2.248617	49.056042	3.5193798341567
95042	3	2.304624	49.060551	7.8751859947409
95039	3	2.156443	49.084118	12.737385063674
95028	3	2.352642	49.060707	7.2215426274876
95023	3	2.118432	49.172434	15.87992168591
95002	3	1.973064	49.087929	7.8529650718452
94078	3	2.449911	48.738889	8.2310117278149
94077	3	2.407377	48.732691	8.7158412047131
94075	3	2.533172	48.72232	5.83571668675
94074	3	2.460226	48.749226	5.1988880404453
94071	3	2.536852	48.768817	10.762404636447
94070	3	2.576607	48.735466	9.9400991753369
94060	3	2.585142	48.777049	9.4402958170273
94055	3	2.540837	48.786811	3.0492518683782
94053	3	2.553982	48.776663	4.3405001815481
94048	3	2.554139	48.738469	4.3277421559062
94047	3	2.548339	48.707026	3.4352941706256
94044	3	2.492734	48.745766	7.1301547324727
94019	3	2.543521	48.794251	5.6474822739889
94004	3	2.525138	48.745477	8.6823718231743
93078	3	2.532549	48.955313	10.249257320138
93074	3	2.579865	48.934023	3.9147321524804
93073	3	2.549029	48.974454	23.010518097686
93057	3	2.505022	48.907208	3.0157136909272
93047	3	2.568333	48.897453	5.3142763641446
93046	3	2.535987	48.918174	7.3246343405503
93032	3	2.544658	48.882266	6.7325555185243
93030	3	2.424983	48.949535	3.7085213170316
93015	3	2.575952	48.917629	4.2395195589453
91692	3	2.171037	48.680187	5.235349062252
91691	3	2.492106	48.712462	9.9816302565122
91689	3	2.328119	48.730107	9.1108907750715
91687	3	2.375983	48.665412	6.207466384258
91667	3	2.330228	48.659556	2.1713351315461
91666	3	2.220447	48.677895	5.2124511747284
91665	3	2.26498	48.660341	3.307000793182
91661	3	2.23643	48.696281	7.417802085654
91659	3	2.452103	48.586309	4.1883710204596
91657	3	2.427547	48.702946	8.761159586879
91649	3	2.366619	48.550531	7.1056980123582
91648	3	2.37092	48.58226	15.84434729376
91645	3	2.253342	48.750868	9.7446677120645
91635	3	2.198931	48.730179	3.034982825487
91631	3	2.562925	48.680668	5.5500562936336
91619	3	2.234299	48.531064	3.3628857607157
91617	3	2.519154	48.645819	9.5296313242434
91602	3	2.148905	48.524299	6.9951057915896
91600	3	2.466839	48.659124	8.9918235134111
91589	3	2.348016	48.685016	7.0538806568758
91587	3	2.264131	48.686961	8.1051689523652
91579	3	2.325794	48.536804	11.795901113156
91578	3	2.176336	48.534788	4.7456470913345
91570	3	2.311487	48.631951	5.3603414305209
91560	3	2.172701	48.665987	3.8711861106382
91552	3	2.263201	48.597744	6.0968440023558
91549	3	2.326627	48.642872	9.2235242595085
91534	3	2.169114	48.73624	13.965044464813
91521	3	2.410557	48.646632	8.4773882683198
91514	3	2.525853	48.671977	5.4805497136551
91494	3	2.34015	48.605446	7.6373526371606
91479	3	2.357354	48.723784	6.3094804367804
91471	3	2.190317	48.698648	7.3464251090875
91468	3	2.459029	48.571309	2.1026501661458
91461	3	2.220427	48.606764	11.105064769536
91458	3	2.236838	48.659521	7.0560519420296
91457	3	2.265642	48.582318	4.6651593041702
91435	3	2.501474	48.576007	4.3669354900961
91434	3	2.350157	48.655991	4.3342827602093
91432	3	2.335089	48.702233	4.8720797645613
91425	3	2.265885	48.639387	3.5279634677735
91421	3	2.463454	48.696007	10.948674946856
91411	3	2.068673	48.673087	6.7840071908184
91386	3	2.435758	48.559251	11.027846762978
91378	3	2.19772	48.528875	3.1047048486902
91376	3	2.299318	48.564241	6.6551458592137
91363	3	2.209003	48.648697	17.152112703266
91347	3	2.286137	48.638845	5.1942988064614
91345	3	2.306554	48.691752	4.9396789342858
91340	3	2.423756	48.59329	11.036128635155
91339	3	2.252965	48.625998	7.769603409139
91333	3	2.269522	48.613718	2.3462378369636
91332	3	2.330378	48.573016	7.7360490100646
91330	3	2.269727	48.52799	7.5083664015234
91326	3	2.373348	48.691515	2.0607233446455
91319	3	2.157211	48.6451	8.1454756214807
91315	3	2.339525	48.513559	12.516365445161
91312	3	2.222477	48.737782	3.8167729582751
91292	3	2.270849	48.566625	2.4071470493176
91286	3	2.386393	48.658328	5.0314501510161
91275	3	2.143464	48.672599	4.915960002633
91274	3	2.110378	48.675015	9.7151872743156
91244	3	2.399779	48.547326	6.7508716779518
91235	3	2.370659	48.633339	6.5118349782625
91228	3	2.442047	48.62967	8.6607661742309
91226	3	2.177463	48.496129	14.514886762217
91225	3	2.485213	48.648488	11.712288075988
91216	3	2.319986	48.671784	4.795631128865
91215	3	2.514878	48.688366	3.4357429216503
91207	3	2.219315	48.577705	4.2242532795325
91204	3	2.402899	48.574208	6.6045946476145
91201	3	2.424971	48.677707	15.551102793542
91182	3	2.413271	48.623135	4.3861510574262
91179	3	2.494055	48.56021	11.695322249305
91161	3	2.309458	48.705423	5.195035480668
91159	3	2.438844	48.534248	10.113880888239
91156	3	2.276326	48.547431	7.1924431445726
91148	3	2.169081	48.508724	4.6370088297185
91132	3	2.221572	48.516605	5.9653964911319
91115	3	2.180045	48.602962	13.011209561849
91114	3	2.505525	48.694677	6.5436040250407
91097	3	2.534964	48.689071	2.9837585989248
91095	3	2.296936	48.511448	7.1483587573523
91093	3	2.048447	48.675117	4.600377780663
91086	3	2.381338	48.614996	6.9782726228239
91085	3	2.210883	48.550639	8.1796476520926
91064	3	2.209152	48.756052	9.8013875141437
91044	3	2.290602	48.671888	3.8965685785787
91041	3	2.24361	48.554514	9.5861467484241
91037	3	2.489805	48.527604	6.7886222511775
91027	3	2.384479	48.709094	8.7088201323475
91021	3	2.2464	48.590951	2.2674730085184
78683	3	1.883879	48.820213	5.1098344025047
78674	3	2.012735	48.830724	10.347261632502
78672	3	1.997395	48.937279	4.9127796400851
78653	3	1.826988	48.822497	4.8416882384702
78647	3	1.681755	48.942583	3.8307892363301
78643	3	1.975293	48.96472	6.5578322793761
78642	3	1.966076	48.988301	9.1688393040326
78640	3	2.195298	48.784261	8.7286781944913
78638	3	1.970539	49.008191	8.9917009843688
78624	3	2.005384	48.975705	14.001712079252
78623	3	1.876662	48.78531	5.9776444583418
78621	3	1.99637	48.773482	13.897663502561
78615	3	1.931966	48.842814	10.94526273993
78597	3	1.673889	48.954948	5.277334023245
78588	3	1.836144	48.843463	2.2871777636615
78586	3	2.174551	48.936836	8.6312302009237
78575	3	2.082921	48.704388	9.9384859706371
78561	3	2.011021	48.734301	6.4875728951236
78551	3	2.106447	48.935686	48.17843513188
78550	3	1.901847	48.833646	5.4047066515659
78548	3	1.997145	48.712661	5.8763756009998
78545	3	2.065895	48.806619	5.2463425984483
78518	3	2.041959	48.834635	1.7640483565231
78501	3	1.768839	48.978183	4.5818994420938
78498	3	2.025187	48.924261	12.987405309705
78490	3	1.949	48.813019	17.845186875159
78481	3	2.102194	48.892945	3.6495253413583
78466	3	1.970186	48.919467	15.752282813863
78443	3	1.863507	48.816514	7.37496276477
78442	3	1.90187	48.81224	2.0552068569549
78440	3	1.911372	48.987551	12.566858415525
78431	3	1.943698	48.93528	7.4253128287054
78423	3	2.025521	48.777483	10.464147338855
78418	3	2.137296	48.919208	7.1141499793122
78403	3	1.869643	49.003443	4.7164103269473
78401	3	1.90898	49.004499	3.4131094478874
78397	3	1.962182	48.738906	8.9583901335426
78396	3	2.123215	48.924785	3.8008668251266
78389	3	1.818975	48.795331	10.753383093141
78384	3	1.985879	48.955897	3.0441962519756
78383	3	1.924598	48.770329	8.1532244398733
78382	3	2.047674	48.999844	3.5789629506342
78372	3	2.090087	48.865806	6.6765722134745
78367	3	2.077448	48.880549	1.6478634209662
78366	3	1.853585	48.790834	3.877190096971
78364	3	1.822222	48.864625	4.7753486391972
78362	3	1.70974	48.975466	6.381302117951
78361	3	1.690909	48.99605	9.0158603799703
78358	3	2.15305	48.950265	7.1838951516501
78354	3	1.684054	48.967997	3.9984115524317
78350	3	2.111518	48.859752	5.5562242343601
78343	3	2.138944	48.761525	2.0111879226789
78335	3	1.736118	48.991103	11.347388660543
78334	3	1.933549	48.725494	8.3528544020149
78327	3	1.84238	49.000085	8.7988164546062
78324	3	1.646881	48.97526	2.729135820131
78322	3	2.160063	48.767108	10.70785329098
78321	3	1.913576	48.787342	9.897174137841
78314	3	1.786416	48.988363	4.8670530971171
78311	3	2.185233	48.926715	4.0535913725654
78299	3	1.883568	49.008977	3.2652635644471
78297	3	2.075198	48.773804	13.513258937083
78296	3	1.77733	49.009804	7.396037878534
78291	3	1.741858	48.954636	10.153121087383
78267	3	1.80989	48.993549	8.5928797940494
78262	3	1.788853	48.797661	4.113890064841
78251	3	2.056359	48.886234	3.7834336896113
78245	3	1.6485	48.959961	3.3105739004066
78242	3	2.047941	48.817009	5.8494329269063
78239	3	1.703075	49.029331	10.128939112008
78224	3	2.058565	48.86719	5.089299156162
78208	3	1.961039	48.776494	9.2869960750098
78206	3	1.923513	48.947282	11.096253866503
78193	3	1.979469	48.706331	11.02876860571
78172	3	2.099469	49.001661	10.554189538044
78165	3	1.983661	48.816822	6.2995913680687
78160	3	2.034967	48.703034	13.629531640439
78152	3	1.985461	48.847138	6.3613947395325
78140	3	1.938353	48.968423	5.1532788816249
78138	3	2.032887	48.977301	3.4261551170676
78133	3	2.040485	48.897279	8.1705403167358
78126	3	2.135012	48.850202	5.821361670705
78123	3	2.026336	48.946363	6.9951269085532
78118	3	1.678516	48.982753	5.3170188453163
78117	3	2.124128	48.772868	8.3316492560931
78104	3	1.711993	48.94525	3.8986046264095
78092	3	2.13797	48.862918	2.8799703297165
78084	3	1.797291	48.820795	4.1782572134995
78073	3	2.023395	48.805258	5.4424710124466
78062	3	1.875245	48.852997	19.093799573721
78050	3	1.849042	48.779237	5.7409452874094
78043	3	2.081117	48.836826	6.5596602683445
78036	3	1.795297	48.845217	4.9934160077601
78034	3	1.816208	48.841347	4.2042370714761
78031	3	1.707104	48.953457	2.1725668480882
78015	3	2.049786	48.977774	7.3828330129006
78010	3	1.91282	48.914395	7.4227035052373
78007	3	2.011268	48.90259	2.5609514794931
78005	3	2.066612	48.967434	8.9513333379409
77528	3	2.66397	48.569524	3.0248106269638
77518	3	2.605018	48.496476	10.248078473589
77514	3	2.617706	48.940616	8.6630189515953
77495	3	2.626114	48.565718	16.090159913582
77487	3	2.699387	48.52491	11.668256520371
77464	3	2.711633	48.892492	5.2358516535496
77453	3	2.756896	48.527951	22.573447096822
77450	3	2.591631	48.716428	7.3612503721016
77449	3	2.787443	48.845414	5.7939192294676
77445	3	2.586455	48.585026	11.769671148606
77438	3	2.679376	48.862863	4.454131051458
77435	3	2.535142	48.500878	7.4089938407652
77407	3	2.528001	48.541615	16.551061526301
77390	3	2.665587	48.790887	13.567362476187
77389	3	2.657735	48.50645	5.8855463931746
77378	3	2.548672	48.518338	3.7419561564639
77374	3	2.705396	48.795538	9.6448793599833
77373	3	2.618024	48.788451	13.938272288383
77372	3	2.677517	48.886987	7.3272518609265
77363	3	2.62886	48.913654	6.5561944011959
77359	3	2.547461	48.478809	11.923465600443
77350	3	2.676414	48.762653	15.870132011474
77326	3	2.547571	48.581547	8.5619102914082
77307	3	2.751855	48.867393	5.7351276582703
77295	3	2.738476	48.563292	9.0319020026348
77294	3	2.613509	48.978307	29.446908870863
77291	3	2.596823	49.017751	9.9210655482599
77288	3	2.65572	48.542045	8.1136396846089
77285	3	2.628983	48.540381	5.3888567481876
77282	3	2.568336	49.028779	8.811462498655
77269	3	2.703996	48.554116	10.027324448456
77268	3	2.813518	48.867905	4.5152501531659
77255	3	2.689592	48.503722	5.0218422728333
77249	3	2.61826	48.748006	9.7540159932428
77243	3	2.704462	48.871467	5.7792138474881
77221	3	2.714011	48.851651	1.2054631957001
77209	3	2.693575	48.857914	2.8626761480721
77181	3	2.705242	48.818174	5.7006478468747
77180	3	2.641277	48.734441	12.782133224057
77169	3	2.607577	48.818672	5.2215894371774
77155	3	2.746214	48.893493	5.773800835754
77152	3	2.620439	48.514622	10.388081101471
77139	3	2.602497	48.916829	3.9978182831864
77132	3	2.793633	48.883948	8.0737900293939
77124	3	2.720871	48.858363	1.4870820364018
77122	3	2.575554	48.660056	14.274876553915
77111	3	2.768186	48.872062	5.9721242330069
77108	3	2.594565	48.884973	16.314770625793
77096	3	2.708856	48.495035	10.741715940243
77085	3	2.739933	48.858158	2.8751653679234
77075	3	2.77284	48.895835	2.40404469296
77069	3	2.610828	48.472206	13.222769003718
77067	3	2.600727	48.569719	7.3533057474799
77059	3	2.678462	48.846426	2.4077372947734
77058	3	2.736765	48.825047	15.485202077463
77055	3	2.640029	48.888895	4.3283842292768
77040	3	2.568538	48.513981	7.6501934201672
77038	3	2.616292	48.523321	1.5441773330657
91685	3	2.300352	48.659861	1.4890082480582
91103	3	2.298684	48.600931	14.268871085873
95690	4	1.825641	49.096579	7.9623754246786
95682	4	2.385881	49.075003	3.3194193478573
95676	4	1.732226	49.08671	8.7800113581664
95675	4	2.533231	49.058864	5.6969295972819
95660	4	2.354526	49.074245	1.8854485058578
95656	4	1.724072	49.065316	3.6703484469158
95652	4	2.382961	49.122426	8.2971127082882
95651	4	1.709814	49.061899	4.4183936731191
95641	4	2.570102	49.060019	8.6939771615613
95633	4	2.486571	49.000384	0.11595554546497
95610	4	1.908322	49.088407	7.2693517132976
95604	4	2.544952	49.107009	5.2606324997234
95594	4	2.396951	49.121662	1.4471472914196
95592	4	1.879936	49.040203	11.982761895987
95584	4	1.956558	49.131502	5.2987479637592
95580	4	2.554173	49.084157	7.4716820377901
95566	4	2.335215	49.100831	11.930907712488
95554	4	1.758506	49.16566	13.8195734769
95543	4	1.741883	49.060566	3.9734021280005
95541	4	1.705317	49.209284	12.555530109114
95529	4	2.210758	49.16674	4.6549568488934
95523	4	1.633541	49.088466	4.9922372473815
95509	4	2.489788	49.070778	5.033904739466
95504	4	2.288407	49.10911	10.518366579293
95493	4	2.456243	49.095236	0.68391342250431
95487	4	2.267918	49.147883	5.0085435189179
95483	4	1.929658	49.115466	5.5826139494946
95480	4	2.199123	49.125084	8.8028242738409
95462	4	1.71724	49.139915	12.05911885086
95459	4	1.858484	49.159146	7.7604084027542
95456	4	2.328029	49.134441	3.6970419982903
95452	4	2.29517	49.128962	2.6853065963354
95447	4	1.981098	49.173765	2.8512415464982
95446	4	2.166006	49.131274	13.852616015971
95438	4	1.908067	49.135378	4.7177250264899
95436	4	2.257199	49.131683	2.6622225886338
95429	4	1.690119	49.168532	6.9973445872691
95379	4	1.776366	49.109374	6.8785561863876
95371	4	2.507864	49.080334	9.0386942825878
95370	4	1.981888	49.149634	8.2025579181996
95365	4	2.418044	49.070082	6.8706325055855
95355	4	1.80697	49.162373	14.091907713865
95352	4	2.446052	49.116814	21.618902123555
95351	4	2.501265	49.044398	11.484446569695
95331	4	2.436646	49.094363	1.8407991922041
95328	4	2.136309	49.134957	7.6703557067117
95316	4	2.442166	49.082003	4.5240705663128
95309	4	1.762605	49.142171	4.0895338152801
95304	4	2.17931	49.159081	5.6005657008763
95301	4	1.656882	49.083558	2.2426782806169
95295	4	1.854394	49.116882	6.1977868796528
95282	4	1.907306	49.11362	0.68471132306541
95270	4	1.755534	49.11416	10.488073673534
95259	4	1.858703	49.100719	4.7952615392121
95258	4	2.146316	49.157552	7.1583975015555
95257	4	2.175694	48.973166	2.029614812404
95254	4	1.993461	49.121879	4.3891201527782
95253	4	1.868516	49.066125	5.4166551320046
95250	4	2.504693	49.100687	3.1928778436535
95214	4	2.408172	49.09152	3.1406673082257
95212	4	2.547469	49.031871	3.3402399081041
95169	4	1.890378	49.126274	4.8525531092243
95166	4	1.850005	49.131672	4.9905695499822
95157	4	1.679137	49.091601	8.7025583117382
95154	4	2.54748	49.041624	4.4190385325136
95150	4	1.707204	49.115871	14.859987300652
95149	4	2.438379	49.128304	3.5793740346837
95144	4	2.4616	49.064513	3.3358936125672
95142	4	1.930335	49.156978	16.70366432454
95141	4	1.789932	49.138425	4.0179438979394
95139	4	1.727184	49.183078	3.488180069523
95134	4	2.228545	49.145807	9.5090619085937
95119	4	1.703481	49.191332	6.7379514061215
95116	4	2.334351	49.164471	8.9531957639254
95110	4	1.942802	49.139519	2.8901969652344
95101	4	1.66611	49.142615	3.6877184585197
95059	4	2.067043	49.191809	8.5467954739902
95058	4	2.299435	49.167617	5.3766406786923
95056	4	2.37117	49.091138	9.870835247247
95055	4	2.469027	49.090927	7.2138323066157
95054	4	1.876474	49.149582	5.1753282506133
95052	4	2.29548	49.136921	6.0570717774605
95046	4	1.814365	49.125644	7.9896354615013
95040	4	1.877621	49.092342	12.85845563414
95026	4	2.388791	49.1386	14.13833100063
95024	4	1.797003	49.093558	7.4231349984136
95012	4	1.647694	49.108324	8.7301892027777
95011	4	1.698018	49.150845	7.9366614698411
95008	4	1.772135	49.073461	9.728869007249
94059	4	2.576995	48.807641	4.1592582018005
94056	4	2.560319	48.698161	2.4577746635373
94001	4	2.423089	48.723445	1.18805773465
93033	4	2.5766	48.859685	1.5616899255674
91679	4	2.122803	48.727773	5.8044069922114
91671	4	2.252987	48.465771	6.9649409249607
91662	4	2.127163	48.498573	14.686432133038
91654	4	2.415485	48.466813	9.0498262232659
91639	4	2.349063	48.431736	8.5367131481292
91634	4	2.104037	48.601898	5.9006485452535
91630	4	2.080898	48.571027	12.49632069734
91629	4	2.299744	48.396385	18.919235322322
91613	4	1.991186	48.382743	8.4717744060852
91599	4	2.474244	48.477577	11.701929928921
91593	4	2.091753	48.530506	13.549140756559
91581	4	2.192304	48.561251	4.3193745837025
91577	4	2.495645	48.595003	2.9232893346003
91573	4	2.514191	48.607242	11.872750826764
91568	4	2.123395	48.574618	9.2673482875228
91556	4	2.085077	48.442661	6.3631808786099
91553	4	2.490271	48.627372	3.9563195791475
91547	4	1.960383	48.422677	12.348830273498
91546	4	2.03611	48.567722	9.8343772559136
91544	4	2.137217	48.350601	8.7057534711105
91540	4	2.124509	48.549743	11.776493377455
91538	4	2.139233	48.715048	3.3369636944838
91533	4	2.110306	48.357443	13.782069567468
91526	4	2.231387	48.346535	7.4907174972647
91525	4	2.05295	48.518323	13.625216235265
91519	4	2.00108	48.469857	10.683956500539
91511	4	1.999327	48.349184	11.718777606336
91508	4	2.262463	48.39345	10.965035570102
91507	4	2.356282	48.352336	5.1883370411718
91495	4	2.005035	48.444663	9.3816901291299
91482	4	2.036001	48.645157	7.6513379790353
91473	4	2.298074	48.449128	4.3149691118381
91469	4	2.164918	48.402436	10.059308408936
91463	4	2.455086	48.379612	5.1851918417385
91441	4	2.493883	48.505092	5.828422310623
91433	4	2.202706	48.43835	30.755703379397
91414	4	2.037293	48.346935	8.2170692472319
91412	4	2.423627	48.492276	6.823293429658
91408	4	2.440616	48.43613	11.848167178504
91405	4	2.477567	48.396645	34.366663087255
91399	4	2.281342	48.357439	10.102529483792
91393	4	1.991594	48.418831	10.18733877435
91390	4	2.074686	48.319011	27.027521471667
91374	4	2.206546	48.37214	5.7785543616064
91359	4	2.374972	48.396036	21.657140096624
91338	4	2.081755	48.646337	14.451696186147
91318	4	2.249741	48.498817	10.749558391945
91294	4	2.077624	48.366213	17.260944463043
91293	4	2.376073	48.463148	8.809809811037
91284	4	2.011891	48.498953	12.740621221694
91273	4	2.344807	48.365432	13.241203398019
91272	4	2.134675	48.696485	12.495452841801
91249	4	2.080246	48.618272	14.162842522918
91248	4	2.230814	48.383052	5.5567063617998
91247	4	2.0445	48.477875	7.7820256335141
91243	4	2.171432	48.61059	9.6955842099835
91240	4	2.167227	48.358604	3.8743659993764
91232	4	2.367731	48.481299	4.4934855535259
91223	4	2.151753	48.423211	45.78291990964
91222	4	2.136308	48.310583	6.206708658599
91200	4	1.992706	48.531832	30.972000423749
91198	4	2.323048	48.454779	9.9467024485926
91195	4	2.472162	48.459827	8.5242511403984
91191	4	2.463176	48.719715	2.1981095773601
91186	4	2.138525	48.598504	3.5979775553176
91184	4	2.359247	48.42094	5.4065071247398
91180	4	2.482971	48.440563	8.0816912745473
91175	4	1.962575	48.500273	15.717198090152
91174	4	2.464145	48.598022	11.063765829223
91145	4	1.936136	48.46761	5.0660497996644
91137	4	2.31535	48.343312	7.2787337214151
91135	4	2.443936	48.505629	16.482029425505
91131	4	2.025116	48.3787	10.610357353623
91130	4	2.054699	48.415639	29.527340197721
91129	4	2.308558	48.483781	17.178524670698
91122	4	2.158181	48.691059	4.5722525390086
91121	4	2.412055	48.359977	15.900387768871
91112	4	2.293093	48.327301	8.3697980708765
91111	4	2.130121	48.629226	11.381996758026
91109	4	2.141035	48.465234	8.7193450805798
91106	4	2.160374	48.551121	4.5062320890097
91105	4	2.164379	48.571485	6.9244701001647
91100	4	2.281213	48.437525	21.106959449903
91099	4	2.392702	48.435862	16.316269626519
91098	4	2.048388	48.453677	7.1136169667546
91081	4	2.09168	48.486288	19.419844771279
91080	4	2.284719	48.470959	4.6240963327737
91079	4	2.172237	48.380314	12.42347139484
91075	4	2.240347	48.374385	3.8061753281075
91069	4	2.365976	48.328145	15.936188905045
91067	4	2.257465	48.320231	7.9215430616776
91047	4	2.380775	48.494102	8.0053349144636
91045	4	2.388454	48.524463	11.435197925951
91038	4	2.221636	48.474391	12.66726707823
91035	4	1.956261	48.456003	10.174805908756
91022	4	2.149945	48.3277	7.5711926900342
91017	4	2.059833	48.591805	9.0875671900894
91016	4	2.005798	48.311425	25.447751855836
91001	4	2.195674	48.337229	14.634021615268
78688	4	2.046114	48.760204	3.649271825316
78681	4	1.775379	48.85221	6.8983159725429
78677	4	1.692302	48.924131	4.4603036219539
78668	4	1.527121	49.012953	12.192598482547
78655	4	1.87637	48.668361	9.5633767343122
78644	4	1.954051	48.754032	1.6749059817423
78620	4	2.119718	48.747085	3.8179788791795
78618	4	1.576531	48.878559	7.7348043648561
78616	4	1.799271	48.870262	7.2412399879679
78609	4	1.921349	49.027246	4.2183745084898
78608	4	1.609198	48.94219	2.7444797350812
78606	4	1.604765	48.697909	4.3337060771867
78605	4	1.665219	48.833052	2.8142056127247
78601	4	1.876613	48.584962	46.286850357652
78591	4	1.68976	48.888513	9.2887966568548
78590	4	1.969414	48.681814	8.1160296603714
78576	4	1.877692	48.751386	10.34161102514
78571	4	2.017846	48.862401	11.599486343791
78569	4	1.943921	48.536945	8.283899954965
78567	4	1.670863	49.037801	15.6310494739
78565	4	1.719786	48.878234	6.2702924731679
78564	4	1.917856	48.515316	16.406819386847
78562	4	1.763875	48.732488	34.704848017475
78559	4	1.51181	48.965929	3.7495891255376
78558	4	1.543779	48.978913	6.8308212870009
78557	4	1.722247	48.625045	14.107757490418
78537	4	1.930984	48.574776	12.695969921174
78536	4	1.792673	49.044641	5.3658270210698
78531	4	1.607638	48.998653	19.253663646507
78530	4	1.684686	48.911132	4.4573359430474
78528	4	1.60047	49.018916	3.303988448605
78522	4	1.981209	48.592705	12.38902483033
78520	4	1.633876	48.825251	11.396624734718
78517	4	1.834647	48.65377	36.04661586461
78516	4	1.65271	48.636595	9.8127201812424
78513	4	1.760764	48.803971	5.9714441819053
78506	4	1.804933	48.526286	26.883218830561
78505	4	1.674227	48.857888	6.8903328601082
78503	4	1.517963	49.062752	5.358775412516
78499	4	1.903291	48.547882	2.782703005852
78497	4	1.755114	48.680128	23.539603729268
78486	4	1.841201	48.699037	13.360871502224
78484	4	1.605712	48.965497	11.651927780163
78478	4	1.860882	48.459732	9.556959768793
78475	4	1.715439	48.86399	2.4442047148312
78474	4	1.641305	48.854613	5.601000863658
78472	4	1.822844	48.477188	9.7412726423366
78470	4	1.783853	48.576436	16.113442866883
78465	4	1.694871	48.835296	14.388505737184
78464	4	1.80347	48.595442	10.817908024579
78460	4	1.846538	49.02513	3.835153565657
78455	4	2.053987	48.846809	5.9839517200264
78451	4	1.83982	48.943353	1.4021030103029
78444	4	1.545155	48.935637	9.6761384486822
78439	4	1.651643	48.878803	3.8004043493036
78437	4	1.656569	49.051001	6.9403769312378
78420	4	1.80813	48.771473	5.6296010648325
78417	4	1.626798	48.894589	8.484023379636
78416	4	1.829615	49.047047	2.7854289934523
78415	4	1.853328	48.880883	4.3583606199026
78413	4	1.557126	48.90324	4.4078621124532
78410	4	1.658597	49.066248	9.8673560386483
78407	4	1.636495	48.664977	10.282166237592
78406	4	2.045662	48.72947	3.0384571355571
78404	4	1.725226	48.80947	5.6362069333496
78402	4	1.782883	48.948423	10.704087953751
78398	4	1.833982	48.754255	6.6536881203979
78391	4	1.6255	49.037452	2.5010378701502
78385	4	1.595383	48.956963	3.4062361619037
78381	4	1.611716	48.78418	7.9115805443444
78380	4	1.840794	48.906017	16.9528810885
78368	4	1.874	48.889416	4.4046111013824
78356	4	2.048812	48.738328	16.741006085019
78349	4	1.997375	48.577787	14.600330767861
78346	4	1.574825	48.920061	14.027198723658
78344	4	1.518459	48.998663	9.1599886669152
78337	4	1.551158	49.059075	9.6127170953189
78329	4	1.817934	49.058664	7.9176407351448
78325	4	1.783465	48.908363	7.5132088123411
78320	4	1.540421	49.036443	3.5176884734637
78317	4	1.849687	49.049107	4.8502672485253
78310	4	1.598292	48.796635	10.424038804851
78307	4	1.688992	48.655432	18.951763475789
78305	4	1.890618	48.903588	6.2590483489427
78302	4	1.625737	48.704292	4.556037852581
78300	4	1.746196	48.895346	6.90796325917
78290	4	1.644314	49.016573	8.3698131951791
78289	4	1.76099	48.780133	12.841016380946
78285	4	1.601785	48.833227	6.9176900367409
78283	4	1.615045	48.720567	6.3735966654602
78281	4	1.766915	48.925079	4.4033633369193
78278	4	1.764409	48.882084	5.8334503141016
78276	4	1.593411	49.069258	5.5759356002708
78269	4	1.778448	48.636403	25.800395513816
78265	4	1.759589	48.822182	10.149121704614
78264	4	1.721548	48.761205	19.193942939107
78263	4	1.673577	48.778223	22.900275347793
78261	4	1.898032	49.030253	4.9835792900978
78255	4	1.614063	49.049115	10.87331017063
78246	4	1.757523	49.027478	13.138044322122
78238	4	1.872592	48.966361	8.2174711468516
78237	4	1.577079	48.892772	1.0241538640578
78236	4	1.741374	48.855586	8.794463485086
78234	4	1.641867	48.931354	4.2637923468254
78233	4	1.985137	48.8792	13.32819827437
78231	4	1.63997	48.944126	3.0905775501268
78230	4	1.825614	48.936973	2.868716494747
78227	4	1.938324	49.017653	2.4639757175628
78220	4	1.890484	48.712714	19.945127752832
78217	4	1.811472	48.945031	13.705607218453
78209	4	1.733915	48.590669	12.474825351718
78202	4	1.770928	49.052751	3.6898342238689
78196	4	1.945749	48.866442	5.9325952867667
78194	4	1.604786	48.761818	3.3482417738948
78192	4	1.618912	48.912874	13.805789478879
78189	4	1.918967	48.881575	15.162063303561
78188	4	1.484688	48.9903	6.1002523502302
78185	4	1.660001	48.897402	1.7275247030534
78171	4	1.698104	48.727525	10.815948641116
78168	4	1.919522	48.750946	8.5551328107467
78164	4	1.905577	48.617042	17.311824248124
78163	4	1.619109	48.864055	9.264161784789
78162	4	2.014976	48.675272	9.2322570013094
78147	4	1.484416	49.015349	2.969930387421
78143	4	2.094666	48.736832	5.0007659196406
78128	4	1.962746	48.671011	10.110104665545
78125	4	1.946444	48.637575	22.62479324136
78124	4	2.181397	48.912894	5.0774209181957
78120	4	1.975889	48.626569	21.121398817079
78113	4	1.80834	49.027728	7.297419691096
78108	4	1.818149	48.716941	19.47440425699
78107	4	1.540336	48.958006	11.820740453044
78096	4	1.655215	48.756599	10.553735996243
78090	4	1.899794	48.956388	6.9637964183773
78089	4	1.570149	49.018923	7.7997476801388
78087	4	2.030694	48.620178	10.776025461033
78082	4	1.58235	48.964167	4.8184726982016
78077	4	1.666129	48.690964	25.834375295188
78076	4	1.58616	48.85768	3.9355162813582
78072	4	1.660991	48.918388	3.779869317942
78071	4	1.870176	48.495831	13.046892023426
78070	4	1.749255	48.928115	4.8087234027221
78068	4	1.485247	49.041233	15.132087464967
78057	4	1.565573	49.04842	6.4561997089559
78053	4	1.725209	48.832168	5.5723538340329
78049	4	1.876685	48.932157	6.8653474708007
78048	4	1.666333	48.812156	12.029706772827
78033	4	1.840086	48.928638	2.1825402620526
78030	4	1.900393	48.682668	17.055107410688
78029	4	1.843786	48.960901	9.4652366572712
78020	4	1.722896	48.910993	10.349588922443
78013	4	1.809332	48.887572	4.187725460976
78009	4	1.903796	48.467847	16.582466070814
78006	4	1.663312	48.720389	10.254198948832
78003	4	1.856258	48.529472	26.246967875514
77534	4	2.771336	48.63753	11.98463507761
77533	4	2.776003	48.433297	4.1635060996301
77532	4	3.220639	48.564023	10.724268155748
77531	4	2.968547	48.288055	12.211465547885
77530	4	3.340092	48.614862	25.744718581961
77529	4	2.89111	48.838269	9.6695043729303
77527	4	3.016823	48.68077	28.832400624554
77526	4	2.956253	49.074743	5.050856749042
77525	4	2.738371	49.002322	5.0154791451326
77524	4	3.167874	48.444437	11.143567379972
77523	4	3.356649	48.402756	9.2780161183191
77522	4	3.382215	48.456175	11.349750748397
77521	4	2.867905	48.850396	6.2781962100714
77520	4	2.640678	48.314349	12.180377442227
77519	4	3.408346	48.653515	33.232188440438
77517	4	2.664778	48.913675	10.016716138085
77516	4	2.900426	48.344174	10.291271435618
77515	4	2.777884	48.981328	6.0037153800873
77513	4	2.851201	48.940152	7.1277229196012
77512	4	3.333616	48.877141	8.9629188406012
77511	4	2.635324	49.028156	7.4588625274749
77510	4	2.793624	48.81201	7.3755576394446
77509	4	3.028492	48.495325	20.62265604817
77508	4	2.839294	48.810987	19.373936184367
77507	4	3.311509	48.40198	21.005580176633
77506	4	2.822716	48.301846	18.892286467023
77505	4	2.986129	48.920389	10.920496778212
77504	4	2.868779	48.272714	14.560121098792
77501	4	2.842757	48.327893	10.831924097852
77500	4	2.926651	48.202447	15.909921740249
77498	4	2.817289	48.93114	3.5418164936287
77496	4	3.143199	48.589135	8.452661663919
77494	4	2.852137	48.406187	21.976652255235
77493	4	2.831503	48.636381	7.5295729032567
77492	4	3.366007	48.883134	26.149546282751
77491	4	2.796261	48.381031	3.8382898523014
77490	4	3.10973	49.043015	17.702891331452
77489	4	2.97102	48.21371	8.9577203788849
77486	4	3.085044	48.697947	27.489628149962
77485	4	2.519753	48.346877	17.451048116467
77484	4	2.955807	48.898768	4.6298300626174
77483	4	2.929331	49.005283	7.7639579767526
77482	4	2.932993	48.370026	10.081527524915
77481	4	3.114305	48.552235	7.4306644721028
77480	4	2.893423	48.450279	10.543322093526
77478	4	3.071714	48.970119	13.911633811734
77477	4	2.601674	48.341346	8.038094397653
77476	4	2.962031	49.042641	7.3236404888713
77475	4	2.966749	48.957627	11.031227628143
77474	4	2.804594	48.94804	8.1297292386666
77473	4	2.792034	48.271452	13.854950175701
77472	4	3.241861	48.877806	9.4530447204803
77471	4	2.459594	48.34507	13.548779636448
77470	4	2.777361	48.741122	15.340783103881
77469	4	3.030632	48.731622	11.964403666348
77467	4	3.096063	48.387402	7.8349090776557
77466	4	2.897011	48.823984	5.8402545991415
77465	4	2.93805	48.301369	16.702635031094
77463	4	2.784359	48.401919	4.2378869432642
77462	4	2.657844	49.008516	11.855207649231
77461	4	3.178764	48.48964	5.3497807431853
77460	4	3.080277	49.00502	12.094211043596
77459	4	3.366168	48.53271	23.56089227921
77458	4	2.740902	48.186434	27.550691480309
77457	4	2.72549	48.65975	6.0036510529596
77456	4	3.299029	48.508168	11.875752304618
77455	4	2.710742	48.646376	11.030466149102
77454	4	3.150638	48.521344	10.864386856895
77452	4	3.167126	48.472564	4.4874355177328
77451	4	3.060143	48.914596	12.768201939473
77448	4	3.105507	48.940667	2.7627903377255
77447	4	2.556338	48.553226	8.2463713726199
77446	4	3.203331	48.5094	7.0005202841363
77444	4	3.393896	48.710643	18.845115532061
77443	4	2.960167	48.877546	5.3746661997306
77442	4	2.774793	48.420591	5.3056630634842
77441	4	2.753367	48.448721	5.9631420268726
77440	4	3.075521	48.939128	6.5227593100172
77439	4	3.019914	48.434806	10.343826452122
77437	4	2.798163	49.034461	13.544493051141
77436	4	3.19332	48.809577	13.46379583809
77434	4	3.203777	48.440013	5.9357576090711
77433	4	3.052735	48.762194	20.17283688703
77432	4	3.24799	48.810542	15.01018915455
77431	4	2.667431	48.264482	21.95218448933
77430	4	2.783678	49.074583	5.6621579674582
77429	4	3.20418	48.906785	4.0239599519878
77428	4	2.920352	48.567349	5.9665300370362
77427	4	2.710153	48.986767	7.6183364626879
77426	4	2.838384	48.563776	10.23394916334
77425	4	2.572546	48.435815	8.1575455810624
77424	4	3.427713	48.73009	17.375409529113
77423	4	3.33617	48.783538	9.9826697010086
77421	4	3.322253	48.738539	18.927953276822
77420	4	2.695482	49.038749	6.4320635139698
77419	4	2.820588	48.386216	2.1106578535287
77418	4	3.216319	48.536954	10.981913983614
77417	4	3.271713	48.842386	9.3608615859119
77416	4	3.125759	48.610981	7.4360841777567
77415	4	3.028447	48.938956	13.567957795594
77414	4	3.261063	48.632588	19.43731468329
77413	4	2.843549	48.874473	4.5211106497486
77412	4	2.512372	48.474816	2.3030382287821
77411	4	3.141564	48.85235	10.184863277412
77410	4	2.703783	48.589396	7.6185038790309
77409	4	2.999919	48.410423	8.8257858416705
77408	4	2.952156	48.92381	2.6674392617964
77406	4	3.193735	48.847515	14.794517572887
77405	4	3.175877	48.914356	18.907043291975
77404	4	3.260735	48.53668	7.7937017394716
77403	4	3.336406	48.57438	11.663470507166
77402	4	3.359798	48.818537	14.77292839633
77401	4	3.174386	49.0047	8.253744529823
77400	4	3.032447	48.786655	10.004556035513
77399	4	2.904718	48.273266	3.0537245381281
77398	4	3.292558	48.876321	14.481099552632
77397	4	3.213086	48.952811	13.484250979728
77396	4	3.330938	48.641176	6.4732521379694
77395	4	2.495934	48.271069	6.4361715018863
77394	4	2.681486	48.565614	4.1729519789447
77393	4	2.962437	48.681449	3.0008126294196
77392	4	2.719032	49.065544	4.0697297912707
77391	4	3.289618	48.592557	7.5975681982304
77388	4	3.161801	48.95727	5.7569146877998
77387	4	2.828639	48.222029	10.372430379675
77386	4	2.644347	48.339466	9.6013584945198
77385	4	3.232324	48.856732	11.223211202573
77384	4	2.624993	48.60762	13.435862265807
77383	4	3.075095	48.539961	22.680492904636
77382	4	2.875933	48.898239	10.043384576835
77381	4	2.961134	48.614042	11.666149190709
77380	4	2.917485	49.062751	9.8387920498635
77379	4	3.28398	48.563317	14.986778065249
77377	4	2.740655	48.710311	17.908095643028
77376	4	2.768539	48.93539	4.8963330669094
77371	4	3.007741	48.816711	13.144830427549
77370	4	2.759245	48.237195	27.441492495777
77369	4	2.923657	48.973623	6.2915065455165
77368	4	3.276999	48.54504	6.0811671195916
77367	4	2.985594	49.053211	8.3342646996701
77366	4	2.791376	49.004718	3.648068774512
77365	4	3.040086	48.712164	5.1697649516747
77364	4	2.770061	49.004782	3.4551094433449
77361	4	3.034418	48.89489	13.00037950352
77360	4	2.99078	48.746281	8.7327792635005
77358	4	2.857613	48.99093	4.3011526800295
77357	4	3.065563	48.645665	20.833778452515
77356	4	3.345648	48.427934	4.3375770969304
77355	4	3.200643	48.479281	4.2446846711296
77354	4	2.863639	48.467521	11.033149529213
77353	4	2.856364	48.238962	9.292874897026
77352	4	2.775009	48.665407	11.362833924397
77349	4	2.656438	49.085886	13.184006982424
77348	4	2.648039	48.244384	3.5769930346107
77347	4	3.225267	48.46143	12.619332604136
77345	4	3.229822	48.901293	5.7605865909339
77344	4	2.817016	49.072768	15.149098311347
77343	4	3.05837	49.03757	10.121330157463
77342	4	2.566292	48.213969	6.8346944456699
77341	4	3.344983	48.451156	12.216120682925
77340	4	2.77236	48.289392	11.585322928592
77339	4	2.512438	48.372948	30.030791054753
77338	4	2.932704	48.337363	4.3878146619856
77336	4	2.827096	48.772954	16.305516057496
77335	4	2.832307	48.969874	17.41483054538
77333	4	2.71633	48.262994	10.000982993642
77332	4	2.703994	48.999225	5.3629402385037
77331	4	3.22054	48.979861	1.4444825472254
77330	4	2.901904	48.930619	6.9514337347905
77329	4	2.809173	48.252666	13.110254738769
77328	4	2.425603	48.317918	12.565599082626
77327	4	3.007947	48.557633	24.241378338821
77325	4	3.243138	48.432835	8.6857107869223
77323	4	2.622654	49.047849	7.1301252657853
77322	4	2.604168	49.071047	14.790069981944
77321	4	3.237149	48.394009	9.3001395544669
77320	4	3.049128	48.824873	16.644346612655
77319	4	3.248092	48.590069	13.059829934906
77318	4	2.898343	48.77997	17.861253050611
77317	4	2.876785	48.595638	16.183440548176
77316	4	2.810884	48.363251	5.2162095927205
77315	4	2.822758	48.886395	2.901136892815
77314	4	3.432526	48.827653	16.091827013899
77313	4	2.988568	48.320341	4.3173109627801
77312	4	2.757394	48.338227	9.0659531071556
77311	4	3.054139	48.456426	21.592155903895
77310	4	3.249367	48.383778	7.5405755435995
77309	4	2.834463	49.009668	12.028782869718
77308	4	2.743314	49.028242	12.049540783945
77306	4	2.672786	48.597055	11.236059668841
77305	4	2.962875	48.388677	9.3325234050107
77304	4	3.476576	48.832072	5.545136008086
77303	4	3.423195	48.853619	9.7417756055795
77302	4	2.715642	48.298118	8.5396349699444
77301	4	3.445027	48.698182	15.199114609433
77300	4	2.990731	48.943788	4.5905649216046
77299	4	2.860713	48.352078	5.0146664690522
77298	4	3.13683	48.491886	6.092751197446
77297	4	2.603019	48.151435	20.481815072897
77296	4	2.597095	48.624911	14.270862988823
77293	4	3.09458	48.362622	6.3304578709526
77292	4	2.703276	48.966194	10.14112366259
77290	4	3.205138	48.973486	6.1481341260854
77289	4	3.39613	48.503283	18.156659469991
77287	4	3.415817	48.799355	8.0984283416752
77286	4	3.091101	48.513178	7.8756331425104
77284	4	2.903436	48.957781	14.879335216046
77283	4	3.027095	49.068197	19.134764770873
77281	4	3.03733	48.771216	1.7227222622451
77280	4	3.033047	49.014413	2.3427510156007
77279	4	3.030543	48.381279	20.737901095053
77278	4	3.161817	48.771801	9.0671920629928
77277	4	2.885188	48.724942	12.52520470335
77276	4	2.876319	48.92542	7.4912842135698
77275	4	3.315239	48.671296	5.3918055963145
77274	4	2.877767	49.038034	7.079381872806
77273	4	2.751277	49.053008	7.0875041976545
77272	4	3.153181	48.554985	14.139408231309
77271	4	2.622116	48.183878	8.4607243929377
77270	4	2.995373	48.856296	13.446242400182
77267	4	2.700681	48.202958	6.1488740072672
77266	4	2.834844	48.45349	16.145860727318
77265	4	3.177709	48.975327	5.9173387102265
77264	4	2.957437	48.724113	36.817693451235
77263	4	3.184325	48.460142	5.0897178951498
77262	4	3.497725	48.610075	38.056011669123
77261	4	2.892717	48.242429	19.834771774044
77260	4	3.242588	48.514324	5.4043826028149
77259	4	2.656244	49.05085	4.2429102582485
77257	4	3.018291	49.034544	11.013672993522
77256	4	3.165157	48.528544	5.5578324063931
77254	4	2.779862	48.696474	9.0322816686078
77253	4	2.702607	48.618408	6.6922659120487
77252	4	2.666047	48.62566	7.716227664374
77251	4	2.549384	48.627695	12.241169895353
77250	4	3.278989	48.726541	4.7064941689139
77248	4	2.791065	48.917154	4.2547686405779
77247	4	3.351658	48.764607	10.877870894018
77246	4	3.387991	48.57335	21.846716980025
77245	4	2.971524	48.454173	20.230390186238
77244	4	2.599146	48.286306	28.973646304896
77242	4	3.224729	48.492152	4.5108298450854
77241	4	2.70564	49.021232	7.5704673523633
77240	4	3.273154	48.795103	18.306280174771
77239	4	3.139147	48.666186	36.829563086377
77238	4	3.115489	48.90523	42.869372219207
77237	4	2.763752	48.8292	9.4125522913457
77236	4	3.272548	48.414752	15.689639954097
77235	4	3.076822	48.98319	10.000226015909
77234	4	2.760317	48.915734	7.9737552606642
77233	4	2.793818	48.99725	1.5966451487444
77232	4	2.82837	48.91724	7.0380334827829
77231	4	3.010666	48.998281	6.843259811396
77230	4	2.544358	48.206599	8.0707187879799
77229	4	2.870113	48.757134	12.373588724958
77228	4	3.311513	48.905272	5.4483883586566
77227	4	3.347275	48.488097	16.154920470578
77226	4	2.785715	48.44365	10.995531746697
77225	4	3.005828	48.882507	12.954748073553
77224	4	2.964593	48.765928	9.7333038357868
77223	4	3.082009	48.487169	12.901624475054
77222	4	2.800946	48.636756	5.4555575688631
77220	4	2.558082	48.26106	9.5232300077201
77219	4	2.95249	48.812881	19.722653778435
77218	4	3.320895	48.441022	6.4248579486585
77217	4	2.680351	48.679556	18.33675590761
77216	4	2.684434	48.30786	12.731738474572
77215	4	2.72825	48.754139	13.434920716369
77214	4	2.663402	48.966008	3.3006334482433
77212	4	3.123067	48.388798	7.5042007613
77211	4	2.978052	48.579963	24.1294904614
77210	4	2.891619	48.393608	29.304764022354
77208	4	3.297111	48.475643	14.07317797042
77207	4	2.538287	48.167252	14.337643504767
77206	4	3.030425	48.855775	5.9880570900504
77205	4	2.84401	49.034313	4.1701117612864
77204	4	3.163549	49.063922	6.3360073659326
77203	4	2.957527	48.988337	11.881351835255
77202	4	2.750534	48.316381	13.215286979415
77201	4	3.02213	48.627075	15.482492555926
77200	4	2.558841	48.234803	6.3767930359771
77199	4	2.942963	48.938658	5.5688516615792
77198	4	2.504866	48.254956	10.68017197342
77197	4	3.200413	48.706259	6.3059272828719
77196	4	2.736204	48.940498	7.7963000524286
77195	4	2.761382	48.588015	7.6966255392643
77194	4	2.948498	48.421324	13.256237924329
77193	4	2.851114	49.053861	5.7160217379295
77192	4	2.865723	48.70043	21.786802380605
77191	4	2.925617	48.529503	27.69400846738
77190	4	3.008862	48.521057	13.735167818295
77188	4	2.766482	48.479972	8.2374211172895
77187	4	3.395845	48.412609	12.120410168583
77186	4	2.681688	48.421849	172.27341958807
77185	4	2.541895	48.447593	14.150754541585
77184	4	2.91688	48.308274	6.9486344688435
77183	4	3.134939	48.956333	9.8379814713437
77182	4	3.303139	48.790853	17.851496422078
77179	4	2.803587	48.464535	9.2342722241393
77178	4	2.66554	48.225858	7.7429776095445
77177	4	2.770678	48.781453	28.428623096744
77176	4	3.004224	48.777931	11.126634034598
77175	4	2.640411	48.652853	19.262934889108
77174	4	3.264745	48.460404	8.5304467642563
77173	4	2.926749	49.048127	13.011180809448
77172	4	2.971836	48.341719	17.205418446965
77171	4	2.812926	48.901399	3.1242778486434
77170	4	2.79038	48.333225	7.1210111237904
77168	4	2.886995	48.185315	31.833305603282
77167	4	3.124491	48.436591	16.44155953002
77166	4	2.828567	48.35845	11.842547082835
77165	4	2.872081	48.495228	18.366566351127
77164	4	2.933091	48.468012	20.798991592476
77163	4	2.881988	49.06121	7.6015895624576
77162	4	3.169025	48.871308	19.721860599295
77161	4	2.89102	48.311142	13.310773785015
77159	4	3.120078	48.48127	12.257245583782
77158	4	3.00577	48.291978	11.528986592042
77157	4	3.164525	49.037184	8.1429650304596
77156	4	2.721888	48.27568	7.8388145281815
77154	4	2.901181	48.808262	8.8473287359635
77153	4	2.676578	49.050079	8.9256868498747
77151	4	3.163696	48.71571	8.1504226487056
77150	4	2.780698	49.020071	3.3552356373728
77149	4	3.178055	48.58746	13.403140111137
77148	4	3.080744	49.084983	19.438743646454
77147	4	3.069411	48.595345	29.637804673388
77145	4	2.748333	48.600447	12.556244985422
77144	4	2.913722	48.758077	8.8795141151613
77143	4	2.874455	48.976589	3.5168981197453
77142	4	2.924711	48.858845	15.75338381002
77141	4	2.845974	48.852029	7.7375509691036
77140	4	2.996773	48.471382	6.1317516533263
77138	4	2.89783	48.659271	4.1208259815292
77137	4	3.291699	48.705766	12.014435552282
77136	4	2.747765	48.679156	7.8041641127626
77135	4	2.955512	48.645927	14.526603605918
77134	4	3.288157	48.642496	11.747328960724
77133	4	3.047509	48.41456	10.798672213881
77131	4	3.091886	48.810206	11.130274341658
77130	4	2.924413	48.890784	3.5667405657953
77129	4	3.126456	49.075736	22.80564305504
77128	4	2.862248	48.881754	4.9313533614242
77127	4	2.708356	48.678818	8.1993925928488
77126	4	2.976591	49.011721	15.272192812942
77125	4	2.837442	48.898143	2.1647009178457
77123	4	2.649195	48.990916	5.4203611100248
77120	4	3.106657	49.01869	7.9344648316203
77119	4	3.012674	48.603721	5.5199742541535
77118	4	2.680405	48.941757	14.918769722054
77117	4	3.246234	48.960868	4.8773989043574
77116	4	3.206089	48.763736	25.402130583116
77115	4	2.961722	48.245576	22.513473974536
77114	4	2.674303	48.721387	16.79255075559
77113	4	3.196151	48.736609	13.5787495103
77112	4	2.602193	48.24593	9.2302786611155
77110	4	2.653303	48.16501	13.289159893551
77109	4	3.180131	48.617734	35.921891487374
77107	4	2.847232	48.662509	20.803141225332
77106	4	3.182628	48.822149	4.846344570932
77104	4	2.816674	48.706638	15.369825727109
77103	4	2.82242	48.539437	6.9905020481931
77102	4	2.627518	48.230824	4.9464586427056
77101	4	3.097563	48.420053	13.36629717005
77100	4	2.80165	48.501155	22.590911006988
77099	4	2.697391	48.149024	29.290025688834
77098	4	3.110877	48.584492	3.4373460650863
77097	4	3.26327	48.75307	7.9374593519808
77095	4	2.75632	48.972392	12.329989781316
77094	4	2.776617	48.953296	4.4348225875832
77093	4	3.381841	48.775742	19.950179533145
77091	4	2.834537	48.743765	6.5625602154329
77090	4	3.178751	48.557414	5.9824609751813
77089	4	2.960185	48.508416	15.288742474693
77088	4	2.569063	48.314132	16.412525533151
77087	4	2.994047	48.651466	8.9707602809728
77086	4	2.873881	48.534084	17.232302277951
77084	4	3.029712	48.966395	6.8722369915356
77082	4	2.818698	48.587477	13.001875079149
77081	4	2.731436	48.622623	4.0376688644663
77080	4	3.279315	48.669583	12.852496301818
77079	4	2.810403	48.40718	7.3873365194376
77078	4	3.14187	48.987168	14.689104256266
77077	4	2.885942	48.998959	10.122264404361
77076	4	3.256797	48.49054	10.190094202889
77073	4	3.306461	48.529042	9.7167845660761
77072	4	3.44731	48.549655	17.771543689315
77071	4	2.815503	48.191307	23.887868736042
77070	4	3.134126	48.78703	17.72347190103
77068	4	3.140618	48.509176	5.0984179549471
77066	4	3.342883	48.711768	21.67653595194
77065	4	2.523845	48.460018	6.1467568669593
77063	4	2.968109	48.798932	7.2735234525904
77062	4	2.699111	48.904517	1.3742196286872
77061	4	2.989199	48.361053	8.5722439918828
77060	4	2.461146	48.290414	19.355572982813
77057	4	3.224718	48.929662	8.371393076839
77056	4	2.526529	48.232712	6.7195744110607
77054	4	3.027203	48.335332	12.394509042081
77053	4	2.613652	48.690624	19.88525750646
77052	4	2.881578	48.556814	1.1363800214589
77051	4	3.245147	48.415707	2.1415018772606
77050	4	2.832362	48.147844	13.537575805367
77049	4	2.931706	48.914349	10.129074049273
77048	4	2.699376	48.336771	11.143122763396
77047	4	2.911152	48.881836	8.2316622405683
77046	4	2.448668	48.260641	6.2854684268652
77045	4	2.660813	48.19563	16.183418060622
77044	4	2.874612	48.569077	14.838732265343
77043	4	3.260936	48.897029	4.8743447581105
77042	4	3.137036	48.82476	9.8371755299736
77041	4	2.488919	48.309328	16.22223079825
77039	4	2.587974	48.53135	7.4864068753643
77037	4	2.710261	48.474501	6.8060707296921
77036	4	3.223977	48.674332	4.1372433889419
77035	4	3.014898	48.241483	20.068037717991
77034	4	2.797529	48.563975	13.867490829508
77033	4	3.238839	48.667688	2.5784040037432
77032	4	3.247914	48.705869	18.365216419291
77031	4	2.935173	48.677224	16.831715469659
77030	4	3.325014	48.843458	16.211471258573
77029	4	2.86722	48.643576	3.7217712075486
77028	4	3.098194	48.761971	18.353112095324
77027	4	2.489986	48.144045	16.563106648727
77026	4	3.42198	48.600891	27.690546935447
77025	4	3.190329	48.397958	22.418253235313
77024	4	3.276386	48.924683	17.320346774894
77023	4	2.879179	49.015935	6.8054664292998
77022	4	2.603663	48.44728	5.3488560274537
77021	4	3.048174	48.365483	4.1227372237461
77020	4	3.195115	48.675724	19.542722991492
77019	4	3.149529	48.395736	13.388625276977
77018	4	2.818641	48.845191	7.9642381271267
77016	4	2.7091	48.220225	5.546787970619
77015	4	3.345955	48.392402	3.9840936661679
77014	4	2.735502	48.414023	3.580797395078
77013	4	3.087626	48.848683	13.806285811438
77012	4	3.353091	48.666747	12.991388931877
77011	4	2.601886	48.202721	17.947341286532
77010	4	2.894974	48.618013	27.011830972686
77009	4	2.558001	48.183142	10.635589738738
77008	4	3.015013	48.977135	7.0950857563957
77007	4	2.869017	48.651686	2.6816892919688
77006	4	2.55624	48.406273	14.146773276665
77005	4	2.706703	48.922669	12.928446924508
77004	4	2.804789	48.61427	8.1824434191704
77003	4	2.528902	48.289015	11.929765243772
77002	4	3.13947	48.734193	20.02610990492
77001	4	2.565614	48.347926	12.130949039499
