Num	xa	ya	xb	yb
1	2.11491	48.9164	2.10692	48.913
2	2.53682	49.0261	2.53551	49.0233
3	2.53314	49.0195	2.53551	49.0233
4	2.16206	48.7995	2.14895	48.8299
5	2.16206	48.7995	2.15645	48.7836
6	2.27234	48.8406	2.27525	48.8441
7	2.29139	48.8878	2.28831	48.8859
8	2.29891	48.8906	2.29331	48.8886
9	2.27633	48.8727	2.27488	48.8707
10	2.26146	48.8584	2.26078	48.8579
11	2.25213	48.8513	2.254	48.8541
12	2.25551	48.855	2.26078	48.8579
13	2.25498	48.8455	2.25474	48.8447
14	2.24363	48.8483	2.23258	48.8483
15	2.25452	48.8436	2.25406	48.8416
16	2.34306	48.8589	2.34399	48.8598
17	2.15766	48.8739	2.15683	48.8719
18	2.16174	48.8767	2.16526	48.886
19	2.06192	48.9059	2.0609	48.9058
20	2.06192	48.9059	2.06523	48.9069
21	2.0609	48.9058	2.06022	48.9057
22	2.05951	48.9058	2.05898	48.9058
23	2.05951	48.9058	2.06022	48.9057
24	2.05898	48.9058	2.05631	48.9061
25	2.25698	48.8859	2.26051	48.8848
26	2.23336	48.8934	2.22653	48.8955
27	2.30212	48.9337	2.30217	48.9304
28	2.20765	48.9005	2.21334	48.8992
29	2.19172	48.8946	2.19531	48.8961
30	2.19531	48.8961	2.19857	48.8987
31	2.18739	48.893	2.18504	48.8923
32	2.22653	48.8955	2.21986	48.8977
33	2.15773	48.8704	2.15961	48.8689
34	2.15961	48.8689	2.14886	48.831
35	2.06523	48.9069	2.07602	48.9094
36	2.0791	48.9097	2.10692	48.913
37	2.30009	48.762	2.30774	48.7635
38	2.31812	48.7609	2.32058	48.7601
39	2.32398	48.759	2.32997	48.757
40	2.3539	48.813	2.35257	48.8123
41	2.35139	48.8116	2.35045	48.811
42	2.35045	48.811	2.34977	48.8103
43	2.34906	48.8096	2.34533	48.8058
44	2.34533	48.8058	2.34455	48.8048
45	2.34371	48.8028	2.3435	48.8018
46	2.39606	48.7721	2.38798	48.7709
47	2.38209	48.7702	2.37944	48.7692
48	2.37846	48.7676	2.37888	48.7664
49	2.37888	48.7664	2.38326	48.7598
50	2.50446	48.8281	2.50482	48.8279
51	2.50622	48.8276	2.51676	48.8265
52	2.50256	48.8285	2.49988	48.8291
53	2.43487	48.9134	2.44193	48.911
54	2.43487	48.9134	2.43102	48.9153
55	2.43102	48.9153	2.42966	48.9169
56	2.44193	48.911	2.45494	48.9073
57	2.42861	48.9197	2.42797	48.9206
58	2.42797	48.9206	2.42727	48.9231
59	2.42411	48.9256	2.42146	48.9265
60	2.35751	48.9183	2.35779	48.9153
61	2.35846	48.9062	2.35785	48.9137
62	2.3805	48.9227	2.38707	48.9241
63	2.35779	48.9153	2.35781	48.9148
64	2.35785	48.9137	2.35784	48.9142
65	2.35781	48.9148	2.35784	48.9142
66	2.04954	48.8041	2.05199	48.8068
67	1.91382	48.7983	1.91076	48.7974
68	1.91076	48.7974	1.90819	48.7968
69	2.37077	48.7198	2.3706	48.7235
70	2.37012	48.725	2.36807	48.7297
71	2.21334	48.8992	2.21986	48.8977
72	2.24908	48.8882	2.25106	48.8876
73	2.33884	48.817	2.33733	48.817
74	2.33733	48.817	2.33658	48.8156
75	2.33447	48.8172	2.33574	48.8166
76	2.33574	48.8166	2.33663	48.8162
77	2.29945	48.8259	2.30464	48.8247
78	2.28407	48.8832	2.28618	48.8846
79	2.28612	48.8846	2.28404	48.8833
80	2.2729	48.8709	2.27453	48.8727
81	2.25398	48.8414	2.25374	48.8404
82	2.25398	48.8414	2.25419	48.8404
83	2.25406	48.8414	2.25406	48.8416
84	2.27432	48.8728	2.2727	48.871
85	2.26682	48.8645	2.26451	48.8623
86	2.26472	48.8623	2.26708	48.8644
87	2.25332	48.8482	2.25445	48.8469
88	2.25155	48.8482	2.25445	48.8469
89	2.25474	48.8455	2.25467	48.8446
90	2.25397	48.8485	2.25142	48.849
91	2.25456	48.847	2.25351	48.8482
92	2.25456	48.847	2.25397	48.8485
93	2.25467	48.8446	2.25452	48.8436
94	2.25474	48.8447	2.25467	48.8446
95	2.25459	48.8436	2.25499	48.844
96	2.25459	48.8436	2.25474	48.8447
97	2.25452	48.8436	2.25459	48.8436
98	2.25406	48.8416	2.25398	48.8414
99	2.25407	48.8404	2.25406	48.8414
100	2.40749	48.8796	2.40818	48.879
101	2.40818	48.879	2.40977	48.8762
102	2.40961	48.8761	2.40798	48.8787
103	2.40798	48.8787	2.40733	48.8795
104	2.29759	48.8732	2.29294	48.8747
105	2.40352	48.8311	2.40591	48.8324
106	2.40793	48.8334	2.41061	48.8344
107	2.41048	48.8345	2.40783	48.8335
108	2.40568	48.8324	2.4035	48.8312
109	2.34743	48.8609	2.34636	48.8608
110	2.34429	48.8603	2.34406	48.8624
111	2.34636	48.8608	2.34399	48.8598
112	2.34773	48.8611	2.34743	48.8609
113	2.34773	48.8611	2.34773	48.8609
114	2.34406	48.8624	2.34528	48.8629
115	2.34828	48.8622	2.34773	48.8611
116	2.34674	48.863	2.34782	48.8629
117	2.34712	48.863	2.34812	48.8636
118	2.3482	48.8629	2.34828	48.8624
119	2.34782	48.8629	2.3482	48.8629
120	2.34528	48.8629	2.34674	48.863
121	2.36162	48.8493	2.36391	48.8477
122	2.36304	48.8162	2.35643	48.8154
123	2.3047	48.8248	2.30233	48.8254
124	2.3047	48.8248	2.29947	48.8259
125	2.25396	48.8404	2.25406	48.8414
126	2.34773	48.8609	2.35258	48.8596
127	2.34828	48.8624	2.34828	48.8622
128	2.32916	48.9293	2.32433	48.9307
129	2.33122	48.9286	2.32916	48.9293
130	2.26051	48.8848	2.26213	48.8841
131	2.23336	48.8934	2.24678	48.889
132	2.26986	48.9343	2.27454	48.9334
133	2.24116	48.8921	2.24187	48.8906
134	2.24348	48.8902	2.23336	48.8934
135	2.24348	48.8902	2.24187	48.8906
136	2.24678	48.8892	2.24348	48.8902
137	2.24839	48.8887	2.24678	48.8892
138	2.25128	48.8878	2.24839	48.8887
139	2.26238	48.8844	2.26051	48.8848
140	2.26213	48.8841	2.26238	48.8844
141	2.20765	48.9005	2.2059	48.9032
142	2.20066	48.8995	2.2044	48.9013
143	2.21206	48.8394	2.21532	48.8394
144	2.21202	48.8397	2.20642	48.8398
145	2.21536	48.8396	2.21202	48.8397
146	2.24471	48.8895	2.24678	48.889
147	2.24678	48.889	2.24908	48.8882
148	2.21532	48.8394	2.21803	48.8392
149	2.20581	48.8394	2.21206	48.8394
150	2.21809	48.8394	2.21536	48.8396
151	2.24187	48.8906	2.23895	48.89
152	2.24187	48.8906	2.24471	48.8895
153	2.19857	48.8987	2.20066	48.8995
154	2.19857	48.8987	2.2059	48.9032
155	2.2059	48.9032	2.21131	48.9066
156	2.20024	48.9026	2.20765	48.9005
157	2.20024	48.9026	2.2059	48.9032
158	2.33738	48.8164	2.33829	48.8167
159	2.33687	48.8164	2.33556	48.8172
160	2.49101	48.8482	2.49147	48.847
161	2.49147	48.847	2.49278	48.8352
162	2.49278	48.8352	2.48555	48.8301
163	2.49324	48.8353	2.49304	48.8437
164	2.50473	48.8278	2.50446	48.8281
165	2.50474	48.8281	2.50256	48.8285
166	2.50446	48.8281	2.50474	48.8281
167	2.50256	48.8285	2.50473	48.8278
168	2.49304	48.8437	2.49167	48.8484
169	2.48631	48.8296	2.49324	48.8353
170	2.48169	48.8672	2.48146	48.8664
171	2.48146	48.8664	2.48198	48.8647
172	2.48198	48.8647	2.48262	48.8636
173	2.21224	49.0202	2.21031	49.0234
174	2.21031	49.0234	2.20906	49.0243
175	2.20876	49.0242	2.21069	49.0218
176	2.16464	48.7818	2.16923	48.7813
177	2.16932	48.7815	2.16431	48.7822
178	2.16924	48.7814	2.16433	48.7821
179	2.14886	48.831	2.14787	48.8313
180	2.14895	48.8299	2.14787	48.8313
181	2.1471	48.8326	2.14886	48.831
182	2.1471	48.8326	2.14895	48.8299
183	2.14787	48.8313	2.14909	48.8314
184	2.14909	48.8314	2.15101	48.8315
185	2.15645	48.7836	2.15667	48.7827
186	2.15742	48.7827	2.15645	48.7836
187	2.16107	48.7817	2.16947	48.7813
188	2.16442	48.7817	2.16916	48.7811
189	2.53289	49.0196	2.53629	49.0262
190	2.53654	49.0262	2.53306	49.0196
